Trend data for Model:	
Model time base:		12
Plot duration (secs):		3924

Plot information - trends












Plot information - trajectories














Tag-names		24_PC1024:Measurement		24_PC1024:InternalSetpoint		24_PC1024:ControllerOutput		24_FC1005:Measurement		24_FC1005:InternalSetpoint		24_FC1005:ControllerOutput		24_FC1019:Measurement		24_FC1019:InternalSetpoint		24_FC1019:ControllerOutput		24_LC1016:Measurement		24_LC1016:InternalSetpoint		24_LC1016:ControllerOutput		24_LC1015:Measurement		24_LC1015:InternalSetpoint		24_LC1015:ControllerOutput		24_FC1015:Measurement		24_FC1015:InternalSetpoint		24_FC1015:ControllerOutput		24_LC1028:Measurement		24_LC1028:InternalSetpoint		24_LC1028:ControllerOutput		24_TC1015:Measurement		24_TC1015:InternalSetpoint		24_TC1015:ControllerOutput		24_TC1088:Measurement		24_TC1088:InternalSetpoint		24_TC1088:ControllerOutput
Units		barg		barg		%		t/h		t/h		%		t/h		t/h		%		%		%		t/h		%		%		t/h		t/h		t/h		%		%		%		%		C		C		t/h		C		C		%
Legend titles																																																						
0		3.788591		3.78675		40.26914		11.98095		11.93585		54		23.03056		23.0245		79.52148		53.98228		54		11.93585		40.0258		40		23.0245		98.22828		98.40504		54.93191		52.80363		52.90595		62.65106		35.31006		35.3		98.40504		48.52017		48.51		52.90595
12		3.788184		3.78675		40.34185		12.11849		12.11733		55.29655		23.00056		23.00184		79.47664		54.00444		54		12.11733		40.0717		40		23.08166		98.27137		98.41144		55.04799		52.87666		52.87332		56.70956		35.31496		35.3		98.48764		48.50134		48.51		52.71793
24		3.789147		3.78675		41.10051		11.70391		11.78139		55.21441		22.95285		22.97962		79.45917		53.96419		54		11.78139		39.98845		40		22.978		98.52829		98.57604		55.06645		52.90235		52.93377		53.38034		35.32099		35.3		98.5861		48.5014		48.51		52.71912
36		3.790463		3.78675		41.86696		11.95128		11.45545		54.86982		22.98143		23.01083		79.54209		53.92508		54		11.45545		39.9496		40		22.92966		98.20807		98.37231		55.00558		52.93616		52.89172		60.09247		35.31447		35.3		98.49386		48.51367		48.51		52.84224
48		3.788355		3.78675		40.92442		11.95481		12.29679		55.48881		23.01171		22.96466		79.40612		54.02694		54		12.29679		39.97856		40		22.96574		98.22759		98.7411		55.08718		52.97384		52.93309		62.43422		35.29585		35.3		98.2314		48.52146		48.51		52.9204
60		3.791849		3.78675		42.71837		11.93072		11.48695		55.08431		23.03501		23.04865		79.47974		53.9294		54		11.48695		39.96269		40		22.94601		98.25564		98.5695		55.04327		52.75582		52.88233		48.22514		35.31027		35.3		98.43916		48.5257		48.51		52.96304
72		3.786854		3.78675		40.37498		11.88476		11.99466		55.27067		19.3452		19.25159		70.90597		53.99104		54		11.99466		40.02072		43		19.26648		98.29827		98.146		54.93473		52.72418		52.63722		67.18451		35.27799		35.3		97.97924		48.5135		48.51		52.84135
84		3.787848		3.78675		40.82959		11.87218		12.14376		55.54613		19.33627		19.32788		70.83007		54.00918		54		12.14376		40.10442		43		19.34879		98.317		98.08285		54.95966		52.88029		52.59728		84.70472		35.30325		35.3		98.34321		48.51136		48.51		52.82026
96		3.787643		3.78675		40.74295		12.05223		11.47439		55.26015		19.41627		19.38892		71.0212		53.92844		54		11.47439		40.22723		43		19.48045		98.22216		98.3389		55.08393		52.84438		53.01844		45.57426		35.28526		35.3		98.08462		48.51005		48.51		52.80742
108		3.786208		3.78675		40.08686		12.07415		11.28344		55.02258		19.59107		19.53832		71.20597		53.9055		54		11.28344		40.27331		43		19.51714		98.26227		98.43165		55.18216		52.95716		52.77449		75.26474		35.32279		35.3		98.63054		48.49276		48.51		52.63483
120		3.789669		3.78675		41.74783		12.18546		11.81439		55.49684		19.60509		19.52772		71.31583		53.96953		54		11.81439		40.32995		43		19.56754		98.20929		98.29179		55.20655		52.78847		52.81676		57.42485		35.32098		35.3		98.60416		48.50839		48.51		52.79135
132		3.786393		3.78675		40.09214		12.0134		11.916		55.75358		19.60631		19.62937		71.59588		53.98186		54		11.916		40.39211		43		19.62532		98.25306		98.217		55.11192		52.90061		52.71177		76.06067		35.30096		35.3		98.31865		48.52209		48.51		52.92867
144		3.787083		3.78675		40.50107		12.21807		12.00448		55.54281		19.74456		19.73797		71.69413		53.9924		54		12.00448		40.49326		43		19.7322		98.37256		98.76662		55.3941		52.73638		53.07416		30.6723		35.29219		35.3		98.19503		48.49929		48.51		52.70107
156		3.786018		3.78675		40.01879		12.27754		11.83564		55.65595		19.80408		19.75703		71.8352		53.97187		54		11.83564		40.54591		43		19.77931		98.37604		98.45758		55.3379		52.90321		52.95412		55.19542		35.30464		35.3		98.37671		48.49882		48.51		52.69677
168		3.786673		3.78675		40.35992		12.28795		11.47317		55.36588		19.84943		19.78353		72.02892		53.92798		54		11.47317		40.61747		43		19.85053		98.29664		98.42885		55.36809		52.97955		52.93697		62.66962		35.28692		35.3		98.12308		48.51335		48.51		52.84266
180		3.787065		3.78675		40.46604		12.05808		12.38217		56.26043		19.9606		20.00834		72.25158		54.0375		54		12.38217		40.73594		43		19.98072		98.30235		98.05808		55.30384		52.81286		52.94914		46.67097		35.30252		35.3		98.34759		48.52319		48.51		52.9414
192		3.787239		3.78675		40.54947		12.12546		12.19108		55.91595		19.9727		20.00833		72.35624		54.01427		54		12.19108		40.79669		43		20.03946		98.34293		98.30091		55.38283		52.86453		52.82583		61.49676		35.28904		35.3		98.15537		48.50821		48.51		52.79191
204		3.790021		3.78675		41.92087		12.45434		11.53719		55.85823		20.05905		20.06759		72.47156		53.93505		54		11.53719		40.85009		43		20.08961		98.0089		98.37122		55.51095		52.84577		52.75968		67.46112		35.31326		35.3		98.50721		48.49936		48.51		52.70388
216		3.790047		3.78675		41.94263		12.3995		12.29411		56.0835		20.14477		20.19522		72.68805		54.0262		54		12.29411		40.92002		43		20.16086		98.23971		98.46411		55.54798		52.88387		52.93301		56.43264		35.33336		35.3		98.80096		48.5122		48.51		52.83257
228		3.784008		3.78675		38.89589		12.29634		12.42688		56.06355		20.2594		20.29468		72.84245		54.042		54		12.42688		41.02875		43		20.2809		98.36757		98.20673		55.50364		52.83681		52.88894		56.68203		35.28842		35.3		98.15831		48.51281		48.51		52.83922
240		3.78954		3.78675		41.68856		12.2312		11.91078		55.62461		20.24294		20.2709		72.88038		53.97953		54		11.91078		41.02197		43		20.25757		98.23914		98.29993		55.45544		52.82739		52.86193		57.34502		35.33281		35.3		98.79962		48.51488		48.51		52.86034
252		3.787233		3.78675		40.53329		12.01175		11.86761		55.49862		20.31952		20.32528		73.07217		53.97436		54		11.86761		41.11762		43		20.36227		98.49364		98.49556		55.35494		52.81587		52.74762		65.84339		35.31127		35.3		98.49429		48.51983		48.51		52.91048
264		3.786426		3.78675		40.01658		12.25063		11.66289		55.56759		20.36759		20.46564		73.32924		53.94961		54		11.66289		41.15377		43		20.39341		98.29585		98.18185		55.21136		52.95539		52.79652		73.67099		35.28311		35.3		98.08725		48.50704		48.51		52.78291
276		3.785265		3.78675		39.33368		12.07553		12.45318		56.17301		20.50736		20.4398		73.27954		54.04484		54		12.45318		41.18746		43		20.42198		98.58768		98.08207		55.3097		52.72343		52.85398		49.26038		35.28577		35.3		98.12466		48.50882		48.51		52.80107
288		3.785849		3.78675		39.60978		12.13511		11.75396		55.37898		20.48459		20.51138		73.51503		53.96036		54		11.75396		41.27217		43		20.51452		98.46622		98.17747		55.30457		52.81055		52.90011		52.73406		35.30821		35.3		98.44666		48.52039		48.51		52.91698
300		3.786125		3.78675		39.79931		12.10303		12.43947		55.62164		20.47287		20.57795		73.68676		54.04331		54		12.43947		41.34764		43		20.59591		98.37549		98.40183		55.20729		52.78534		53.1347		30.89163		35.28869		35.3		98.16939		48.52388		48.51		52.95259
312		3.784825		3.78675		39.20106		12.09424		11.49598		55.2596		20.69782		20.66085		73.65229		53.9294		54		11.49598		41.38388		43		20.6289		98.45132		98.29515		55.2968		52.89734		53.08183		44.08533		35.3038		35.3		98.39248		48.52617		48.51		52.97608
324		3.788054		3.78675		40.88763		11.98314		12.02617		55.42255		20.68439		20.72748		73.85784		53.99352		54		12.02617		41.43961		43		20.68655		98.38106		98.23956		55.25904		52.89947		52.81714		67.16169		35.30671		35.3		98.44005		48.52275		48.51		52.94253
336		3.787586		3.78675		40.69484		12.12874		12.32612		55.77915		20.79986		20.78496		73.97171		54.02982		54		12.32612		41.47568		43		20.72015		98.16943		98.28461		55.27817		53.02742		52.83394		76.33406		35.31891		35.3		98.61896		48.52892		48.51		53.00464
348		3.788326		3.78675		41.13197		12.13552		12.19077		55.86021		20.79807		20.80867		74.13208		54.01347		54		12.19077		41.56378		43		20.81897		98.34517		98.59242		55.37689		52.84967		52.98307		48.37628		35.32939		35.3		98.77427		48.50105		48.51		52.72668
360		3.788926		3.78675		41.40262		11.94369		12.48249		55.49335		20.85168		20.8891		74.27328		54.04877		54		12.48249		41.59569		43		20.84819		98.49633		98.76608		55.37424		52.77327		52.93115		45.88033		35.30913		35.3		98.48511		48.51003		48.51		52.81695
372		3.787687		3.78675		40.69222		12.21808		12.34713		55.65754		20.90952		20.91429		74.36143		54.03234		54		12.34713		41.68956		43		20.95495		98.18297		98.72766		55.45128		52.89389		52.87148		60.15003		35.30794		35.3		98.46909		48.51524		48.51		52.8696
384		3.786021		3.78675		39.82212		12.08665		12.03496		55.54364		20.97073		21.04711		74.54465		53.99468		54		12.03496		41.72242		43		20.98609		98.4339		98.23369		55.32216		52.8107		52.92088		48.15363		35.30061		35.3		98.37001		48.51633		48.51		52.88101
396		3.787454		3.78675		40.51366		12.15739		12.30814		55.87717		20.92877		21.02108		74.63924		54.02771		54		12.30814		41.74832		43		21.00894		98.2817		98.17533		55.24269		52.88971		52.94435		53.3954		35.29845		35.3		98.34147		48.52442		48.51		52.96272
408		3.790036		3.78675		41.89744		12.26584		11.48123		55.46559		21.04831		21.1119		74.74913		53.928		54		11.48123		41.86284		43		21.1425		98.09483		98.58418		55.32904		52.8687		53.07852		41.07935		35.31152		35.3		98.53263		48.50736		48.51		52.79284
420		3.790217		3.78675		41.9478		11.82502		11.88124		55.13209		21.12639		21.09361		74.79951		53.97649		54		11.88124		41.86788		43		21.14017		98.32741		98.36261		55.19905		53.00693		52.91024		67.46495		35.29848		35.3		98.34465		48.53477		48.51		53.0677
432		3.788024		3.78675		40.86797		11.98023		11.2731		54.92486		21.13748		21.15071		74.93635		53.90316		54		11.2731		41.90786		43		21.18168		98.48956		98.60433		55.27499		52.83271		52.9073		53.40146		35.29677		35.3		98.3239		48.50365		48.51		52.75698
444		3.784917		3.78675		39.30693		12.22337		12.41289		56.05929		21.21663		21.23656		75.01555		54.04086		54		12.41289		41.92055		43		21.1895		98.29716		98.48934		55.25521		52.93143		52.68297		80.72274		35.30253		35.3		98.40835		48.53077		48.51		53.02885
456		3.785148		3.78675		39.42352		12.10654		12.68955		56.13614		21.23106		21.19158		75.08101		54.07423		54		12.68955		42.00088		43		21.28184		98.39641		98.61632		55.37343		52.8334		53.00652		43.86981		35.31058		35.3		98.52521		48.54215		48.51		53.14319
468		3.787912		3.78675		40.85507		12.04185		11.8023		55.45007		21.27432		21.39636		75.36147		53.96724		54		11.8023		42.03308		43		21.31452		98.47383		98.42125		55.23445		52.84024		52.96903		48.20774		35.29909		35.3		98.36239		48.53319		48.51		53.0544
480		3.791525		3.78675		42.63126		11.92875		11.97219		55.42094		21.34164		21.33876		75.37323		53.98785		54		11.97219		42.06081		43		21.34203		98.46757		98.52055		55.28495		53.0492		52.9169		70.69544		35.30133		35.3		98.39604		48.52636		48.51		52.98683
492		3.784888		3.78675		39.37252		12.02313		12.38495		55.75964		21.38764		21.38798		75.46517		54.03781		54		12.38495		42.14478		43		21.43989		98.49898		98.29701		55.23152		52.91754		52.96901		56.24616		35.29635		35.3		98.32962		48.51383		48.51		52.8621
504		3.78699		3.78675		40.35891		12.01171		11.80829		55.61883		21.45808		21.37861		75.47239		53.96827		54		11.80829		42.16604		43		21.45996		98.4599		98.74257		55.31325		52.89983		53.02407		48.05873		35.28118		35.3		98.11183		48.52759		48.51		53.0003
516		3.788249		3.78675		41.06018		11.96491		12.09232		55.52638		21.4106		21.51753		75.74011		54.00269		54		12.09232		42.19843		43		21.49412		98.4778		98.53194		55.29023		52.93829		52.89037		62.05077		35.31014		35.3		98.53244		48.49452		48.51		52.67025
528		3.789213		3.78675		41.47227		12.00655		12.08849		55.62912		21.55606		21.58158		75.8085		54.00218		54		12.08849		42.1872		43		21.47432		98.45432		98.63513		55.35414		52.85602		52.88287		54.78333		35.29885		35.3		98.36839		48.5259		48.51		52.98456
540		3.791019		3.78675		42.5006		12.02499		11.73852		55.15291		21.59993		21.59248		75.87309		53.96007		54		11.73852		42.27591		43		21.57924		98.43451		98.4233		55.33024		52.9832		52.91119		63.93988		35.31782		35.3		98.64889		48.51715		48.51		52.89793
552		3.787729		3.78675		40.82723		11.94156		11.8909		55.44758		21.65834		21.58772		75.87587		53.97855		54		11.8909		42.28809		43		21.58917		98.34969		98.3287		55.29363		52.90392		52.78337		68.97852		35.29393		35.3		98.30569		48.51101		48.51		52.83706
564		3.785063		3.78675		39.36846		11.89045		11.56855		55.24511		21.60304		21.67215		76.08148		53.9398		54		11.56855		42.35852		43		21.67185		98.46809		98.23823		55.13388		52.87737		53.05217		44.83436		35.27674		35.3		98.05838		48.51663		48.51		52.89401
576		3.788296		3.78675		40.95295		11.84731		12.11889		55.41196		21.66139		21.67359		76.1825		54.00641		54		12.11889		42.419		43		21.74252		98.51666		98.36543		55.1774		52.93159		52.98565		55.55346		35.31784		35.3		98.65138		48.51087		48.51		52.83682
588		3.786393		3.78675		39.97109		12.06765		12.62009		55.88597		21.8053		21.76565		76.19555		54.06702		54		12.62009		42.4295		43		21.7512		98.36096		98.28321		55.26684		52.99105		53.0905		51.4465		35.29365		35.3		98.30743		48.52363		48.51		52.96492
600		3.784693		3.78675		39.14641		11.7859		11.80333		55.12371		21.76354		21.73515		76.28105		53.96862		54		11.80333		42.43941		43		21.75934		98.60274		98.46639		55.22344		52.7966		52.85261		55.40431		35.29579		35.3		98.34185		48.52846		48.51		53.01393
612		3.783486		3.78675		38.51357		11.87508		12.2506		55.40583		21.86655		21.76959		76.29338		54.02291		54		12.2506		42.48345		43		21.81023		98.57186		98.31684		55.05766		52.83972		52.7821		65.03769		35.29277		35.3		98.2994		48.53414		48.51		53.07132
624		3.785518		3.78675		39.51991		11.99698		11.42155		55.13215		21.89361		21.83009		76.39041		53.92294		54		11.42155		42.50176		43		21.82931		98.44974		98.44746		55.20855		52.89586		52.95989		54.81071		35.31151		35.3		98.57044		48.50479		48.51		52.77846
636		3.783768		3.78675		38.69712		11.97846		11.6002		55.44205		21.93727		21.86248		76.47383		53.94464		54		11.6002		42.53557		43		21.86793		98.56033		98.19611		55.19493		52.92414		52.7677		72.47704		35.30644		35.3		98.50144		48.52534		48.51		52.98481
648		3.784836		3.78675		39.20097		11.76651		11.61631		54.95981		21.96652		21.87932		76.49887		53.9468		54		11.61631		42.54507		43		21.8765		98.7666		98.34855		55.14805		52.71735		52.8525		49.19996		35.30633		35.3		98.50071		48.51501		48.51		52.88206
660		3.787899		3.78675		40.80554		11.86244		12.17963		55.21412		21.96478		21.90952		76.65085		54.0151		54		12.17963		42.64509		43		21.99797		98.403		98.66315		55.23556		53.02975		52.99416		63.40664		35.32025		35.3		98.70411		48.50948		48.51		52.82747
672		3.787603		3.78675		40.70799		12.03155		11.93127		55.29374		21.99882		22.00202		76.79176		53.98552		54		11.93127		42.63666		43		21.98468		98.16536		98.38567		55.02615		52.93394		53.0715		48.32802		35.28935		35.3		98.25925		48.51075		48.51		52.8408
684		3.786372		3.78675		40.06784		11.98843		12.09708		55.33313		22.01216		22.01057		76.91526		54.00567		54		12.09708		42.59774		43		21.93363		98.30352		98.18905		55.11902		52.91671		52.84562		66.97303		35.31143		35.3		98.57718		48.48765		48.51		52.61046
696		3.78937		3.78675		41.59666		11.88178		11.78593		55.14632		22.03809		22.06216		76.99041		53.96823		54		11.78593		42.69032		43		22.04654		98.40947		98.55102		55.26244		53.08389		52.91978		74.10641		35.30405		35.3		98.47424		48.51548		48.51		52.88934
708		3.784092		3.78675		38.96673		12.06691		11.92119		55.36148		22.05385		22.08361		77.08138		53.9847		54		11.92119		42.69699		43		22.05269		98.44301		98.23439		55.14852		52.96658		52.88292		67.45541		35.27794		35.3		98.09569		48.52847		48.51		53.01986
720		3.787637		3.78675		40.79994		12.12164		11.96066		55.44347		22.16481		22.10254		77.00647		53.98969		54		11.96066		42.75673		43		22.12509		98.32035		98.50324		55.19025		52.89832		53.01774		49.67876		35.30754		35.3		98.52463		48.50148		48.51		52.75057
732		3.786952		3.78675		40.47745		11.7976		12.09644		55.03706		22.21085		22.14905		77.07441		54.00639		54		12.09644		42.76759		43		22.13682		98.50276		98.47271		55.1393		52.97056		52.79524		75.36661		35.2933		35.3		98.32321		48.50915		48.51		52.82799
744		3.787258		3.78675		40.61579		11.92446		12.10202		55.18346		22.15089		22.17323		77.27448		54.00723		54		12.10202		42.84205		43		22.22798		98.51498		98.53012		55.14998		52.84786		53.03418		44.42881		35.31045		35.3		98.56713		48.51119		48.51		52.84891
756		3.789486		3.78675		41.59359		11.78323		11.22411		54.53512		22.19957		22.20525		77.35844		53.90147		54		11.22411		42.81822		43		22.19697		98.35036		98.62607		55.13347		53.00353		52.9018		69.70112		35.29374		35.3		98.32463		48.52246		48.51		52.96204
768		3.790831		3.78675		42.27569		11.9113		11.71909		55.25832		22.28812		22.22446		77.32689		53.96141		54		11.71909		42.87453		43		22.26594		98.31415		98.51517		55.16679		52.78561		52.72644		67.59059		35.30382		35.3		98.47053		48.53842		48.51		53.12208
780		3.784359		3.78675		39.01158		11.8057		11.82208		55.21156		22.2669		22.26794		77.44128		53.97403		54		11.82208		42.81853		43		22.19519		98.48416		98.60754		55.17459		52.78144		52.90128		51.112		35.31082		35.3		98.57191		48.50204		48.51		52.75883
792		3.78894		3.78675		41.32017		11.94193		11.83743		55.01121		22.28494		22.26821		77.51934		53.97622		54		11.83743		42.87723		43		22.26743		98.36573		98.3841		55.06014		52.81279		52.87773		56.11095		35.32078		35.3		98.71534		48.52033		48.51		52.9423
804		3.785926		3.78675		39.823		11.92014		11.99774		55.35988		22.36673		22.29896		77.54997		53.99579		54		11.99774		42.916		43		22.31512		98.23854		98.27044		55.06176		52.94302		52.80496		74.42633		35.30872		35.3		98.54021		48.52427		48.51		52.98214
816		3.788693		3.78675		41.07066		11.7726		11.34499		54.96392		22.33892		22.29687		77.65636		53.91723		54		11.34499		42.95235		43		22.35994		98.34525		98.383		54.96281		52.9203		52.82695		70.10942		35.31363		35.3		98.60358		48.51682		48.51		52.90803
828		3.786213		3.78675		39.7823		11.83375		11.30474		54.58099		22.35044		22.447		77.85794		53.91271		54		11.30474		42.98174		43		22.39626		98.29776		98.04083		54.86215		52.89444		52.99953		52.74289		35.2786		35.3		98.09697		48.51243		48.51		52.86428
840		3.785437		3.78675		39.46996		11.91689		11.9005		55.17692		22.35731		22.44803		77.86848		53.98492		54		11.9005		42.9867		43		22.40222		98.36227		98.35563		55.05939		52.9633		52.70251		82.96913		35.28813		35.3		98.23881		48.51664		48.51		52.90683
852		3.785772		3.78675		39.67982		11.84436		11.69095		55.20412		22.42654		22.43501		77.85295		53.95983		54		11.69095		43.01741		43		22.44041		98.40818		98.46982		55.12939		52.96389		52.86173		69.76239		35.3075		35.3		98.52006		48.50438		48.51		52.78487
864		3.787695		3.78675		40.66925		11.77942		11.40438		55.25136		22.45149		22.46569		77.88173		53.9254		54		11.40438		42.98742		43		22.40317		98.54157		98.47101		55.13813		52.91149		52.87792		62.79357		35.30717		35.3		98.51794		48.52026		48.51		52.94411
876		3.784872		3.78675		39.30461		11.84495		12.23794		55.35828		22.48762		22.44828		77.89384		54.02623		54		12.23794		43.04399		43		22.47386		98.65071		98.4646		55.13145		52.69166		52.82536		49.31246		35.28354		35.3		98.17789		48.53219		48.51		53.06378
888		3.78559		3.78675		39.61157		11.89647		11.1943		54.7731		22.49096		22.49931		77.99821		53.90035		54		11.1943		43.08529		43		22.5256		98.47366		98.46872		55.12913		52.95428		52.90018		66.04488		35.31209		35.3		98.58535		48.51041		48.51		52.84636
900		3.792083		3.78675		42.92501		11.78519		12.42292		55.74157		22.45642		22.45093		78.01954		54.04889		54		12.42292		43.00084		43		22.42085		98.36601		99.05325		55.31267		52.63226		52.82896		45.79412		35.31772		35.3		98.66951		48.49941		48.51		52.73662
912		3.786183		3.78675		39.94821		11.89006		12.29016		55.40848		22.46763		22.53536		78.08477		54.03308		54		12.29016		43.05394		43		22.48749		98.34326		98.42478		55.15129		52.86365		53.03008		47.35276		35.29896		35.3		98.39953		48.51063		48.51		52.84951
924		3.788611		3.78675		41.11192		11.80644		11.90211		55.43265		22.50091		22.52297		78.13444		53.98627		54		11.90211		43.0764		43		22.51607		98.46527		98.63328		55.24372		53.03771		52.81231		81.44904		35.29905		35.3		98.40002		48.52285		48.51		52.97217
936		3.785674		3.78675		39.71857		11.72119		11.41096		54.904		22.63374		22.50319		77.95665		53.92715		54		11.41096		43.11113		43		22.55998		98.63542		98.35701		55.1664		52.91261		53.15056		41.66394		35.28625		35.3		98.22012		48.519		48.51		52.93431
948		3.786453		3.78675		40.10217		12.10026		11.87334		55.24681		22.54221		22.58423		78.23113		53.98309		54		11.87334		43.10033		43		22.54729		98.23879		98.60931		55.28987		52.74391		52.97589		40.81877		35.29728		35.3		98.37877		48.51786		48.51		52.92328
960		3.785969		3.78675		39.80677		11.94164		11.95693		55.42501		22.55501		22.56711		78.22224		53.99306		54		11.95693		43.13333		43		22.58921		98.51557		98.65916		55.34566		52.94218		52.86094		67.31433		35.31186		35.3		98.58399		48.50581		48.51		52.80337
972		3.788708		3.78675		41.2007		12.10728		11.6152		55.2487		22.65734		22.67666		78.2969		53.95172		54		11.6152		43.12769		43		22.58312		98.49621		98.55055		55.35371		52.83809		52.97303		48.02325		35.3215		35.3		98.72215		48.52318		48.51		52.97741
984		3.788503		3.78675		41.11444		12.039		12.36278		55.5785		22.61741		22.62974		78.2446		54.04204		54		12.36278		43.1334		43		22.59125		98.4962		98.59433		55.3226		53.01573		52.93744		66.16463		35.30726		35.3		98.51995		48.49451		48.51		52.69134
996		3.789935		3.78675		41.8719		12.07732		12.32797		55.6803		22.59855		22.65629		78.32245		54.03783		54		12.32797		43.16144		43		22.62719		98.21852		98.35127		55.32347		53.0156		52.93869		65.19496		35.3034		35.3		98.46509		48.52181		48.51		52.96502
1008		3.790914		3.78675		42.39837		12.09221		12.351		55.7274		22.6602		22.59483		78.29276		54.04064		54		12.351		43.17034		43		22.63949		98.26861		98.48807		55.30933		52.89987		52.9103		58.23809		35.3112		35.3		98.57869		48.52512		48.51		52.99874
1020		3.7851		3.78675		39.32586		12.02305		12.79819		55.72201		22.6702		22.64458		78.37894		54.09465		54		12.79819		43.19729		43		22.67433		98.39183		98.3246		55.25309		52.93544		52.94657		58.77295		35.30071		35.3		98.42435		48.52241		48.51		52.97213
1032		3.785351		3.78675		39.47576		11.99691		12.19767		55.54614		22.68111		22.60712		78.33316		54.02219		54		12.19767		43.19504		43		22.67285		98.5731		98.45823		55.20448		53.02792		52.8356		75.851		35.29351		35.3		98.32107		48.52185		48.51		52.96697
1044		3.787621		3.78675		40.58685		12.13127		11.59014		55.04581		22.66471		22.66056		78.42433		53.94886		54		11.59014		43.21247		43		22.69593		98.46457		98.41045		55.24951		52.93569		52.81237		70.24032		35.30499		35.3		98.48601		48.50808		48.51		52.82951
1056		3.789278		3.78675		41.39184		11.98406		11.3625		54.99836		22.74953		22.63436		78.42106		53.92146		54		11.3625		43.21974		43		22.70646		98.36282		98.67421		55.29911		52.88753		52.72522		73.7853		35.32039		35.3		98.70861		48.52871		48.51		53.03627
1068		3.789597		3.78675		41.67082		11.92475		12.29372		55.41061		22.62609		22.74009		78.61176		54.03404		54		12.29372		43.24314		43		22.73714		98.43241		98.52163		55.30215		52.92396		53.06342		47.70072		35.29473		35.3		98.34485		48.51344		48.51		52.88412
1080		3.788127		3.78675		40.9367		11.98515		11.6843		55.27992		22.74033		22.67681		78.54048		53.96061		54		11.6843		43.22703		43		22.71875		98.43693		98.31816		55.13147		52.85401		52.81356		64.07079		35.30641		35.3		98.51209		48.51302		48.51		52.88028
1092		3.789706		3.78675		41.52403		12.12033		12.40652		55.79142		22.70527		22.73235		78.65326		54.0479		54		12.40652		43.24353		43		22.74107		97.98271		98.49522		55.18149		52.79106		52.90086		51.13771		35.30688		35.3		98.51299		48.51063		48.51		52.85685
1104		3.788578		3.78675		40.98183		11.83848		11.55058		54.95491		22.70337		22.72634		78.59351		53.94468		54		11.55058		43.22502		43		22.71981		98.51865		98.67289		55.2431		52.88166		52.96432		52.11574		35.30694		35.3		98.51569		48.50849		48.51		52.83595
1116		3.784685		3.78675		39.0799		11.81155		11.72267		54.98239		22.7165		22.74254		78.6829		53.96568		54		11.72267		43.25775		43		22.76241		98.50753		98.55772		55.20799		52.88253		52.87281		60.46003		35.27915		35.3		98.11846		48.50669		48.51		52.81842
1128		3.789277		3.78675		41.46625		12.08634		11.64983		55.48669		22.69882		22.72254		78.72187		53.95696		54		11.64983		43.26945		43		22.77891		98.40144		98.81742		55.25093		52.80879		52.85998		56.57467		35.29316		35.3		98.32108		48.52767		48.51		53.02859
1140		3.784756		3.78675		39.12774		11.87056		12.34321		55.52211		22.72203		22.75976		78.71778		54.04088		54		12.34321		43.31705		43		22.84018		98.32934		98.25658		55.07383		52.98496		53.19881		41.70289		35.2975		35.3		98.38005		48.50947		48.51		52.84705
1152		3.786125		3.78675		39.75887		11.7789		12.42958		55.5206		22.7683		22.84592		78.80801		54.05146		54		12.42958		43.30727		43		22.83002		98.44695		98.49972		55.10795		52.80861		53.0069		42.63482		35.31607		35.3		98.64676		48.52034		48.51		52.95606
1164		3.787537		3.78675		40.53528		12.08903		10.92441		54.725		22.75055		22.80604		78.80998		53.86986		54		10.92441		43.28406		43		22.80319		98.2633		98.61906		55.22642		52.92184		52.97008		56.58181		35.30111		35.3		98.43344		48.50658		48.51		52.81879
1176		3.78889		3.78675		41.23291		11.94838		12.08014		55.29942		22.82149		22.78456		78.77552		54.00953		54		12.08014		43.29249		43		22.81587		98.3532		98.60538		55.2053		52.83268		52.97714		47.91009		35.29972		35.3		98.41244		48.52553		48.51		53.00873
1188		3.786007		3.78675		39.76958		11.89998		12.28443		55.34479		22.77998		22.81419		78.83987		54.03423		54		12.28443		43.30093		43		22.8286		98.58615		98.57577		55.2071		52.89428		52.96498		53.52732		35.28594		35.3		98.21199		48.50565		48.51		52.81021
1200		3.787671		3.78675		40.62839		12.01994		11.55524		55.24427		22.79231		22.7992		78.87563		53.94616		54		11.55524		43.25111		43		22.76882		98.5061		98.27527		55.20886		52.93456		52.75182		75.83949		35.32348		35.3		98.75482		48.53231		48.51		53.07741
1212		3.786047		3.78675		39.7949		11.803		12.00379		55.22313		22.84525		22.81757		78.8314		54.00051		54		12.00379		43.32524		43		22.86339		98.67603		98.65164		55.19934		52.97908		52.77741		77.88909		35.29728		35.3		98.38011		48.53735		48.51		53.12828
1224		3.785748		3.78675		39.72872		11.97649		11.58094		55.31138		22.90274		22.83852		78.83236		53.94939		54		11.58094		43.26253		43		22.78763		98.39846		98.3333		55.3169		52.99073		52.75568		80.33021		35.29192		35.3		98.30545		48.51869		48.51		52.94233
1236		3.784102		3.78675		38.78522		11.9546		12.15244		55.37914		22.84604		22.87054		78.9239		54.01846		54		12.15244		43.36817		43		22.92149		98.56761		98.41115		55.21386		52.78333		52.95736		45.38698		35.28611		35.3		98.21796		48.519		48.51		52.94587
1248		3.789049		3.78675		41.27162		11.92493		12.01129		55.46945		22.95575		22.85726		78.90993		54.00146		54		12.01129		43.34329		43		22.89294		98.26203		98.42879		55.27386		52.95874		52.78009		75.02862		35.30257		35.3		98.45471		48.50346		48.51		52.79088
1260		3.785013		3.78675		39.35629		11.93223		12.01112		55.44933		22.82455		22.79831		78.89426		54.00155		54		12.01112		43.34425		43		22.89655		98.47008		98.07913		55.15595		53.04703		52.75547		86.5116		35.29363		35.3		98.33034		48.50287		48.51		52.78555
1272		3.788144		3.78675		40.94042		11.92618		12.40243		55.40957		22.86659		22.89605		79.06104		54.0489		54		12.40243		43.36165		43		22.92069		98.36905		98.36718		55.18474		52.8784		53.15853		36.07226		35.30748		35.3		98.52979		48.52174		48.51		52.97476
1284		3.784138		3.78675		38.86806		11.87305		11.80909		55.23343		22.88351		22.89056		79.02837		53.97734		54		11.80909		43.33293		43		22.88748		98.45346		98.25343		55.1143		52.84759		52.92447		54.29902		35.29086		35.3		98.28772		48.50296		48.51		52.78727
1296		3.790682		3.78675		42.11578		11.97717		12.24495		55.39438		22.91129		22.83862		78.9946		54.03005		54		12.24495		43.36612		43		22.93142		98.24341		98.4011		55.16953		52.93415		52.98241		56.38264		35.30826		35.3		98.53616		48.50769		48.51		52.83492
1308		3.787743		3.78675		40.65427		11.88615		11.62193		55.01286		22.86415		22.87686		79.10899		53.95495		54		11.62193		43.40359		43		22.98071		98.37698		98.5788		55.12966		53.00774		52.90046		69.11658		35.30643		35.3		98.50696		48.50049		48.51		52.76323
1320		3.78763		3.78675		40.50914		12.05278		12.29388		55.50975		22.8629		22.92469		79.16792		54.03611		54		12.29388		43.33623		43		22.89951		98.19		98.39468		55.1828		52.92387		52.73619		75.90986		35.29935		35.3		98.40149		48.52562		48.51		53.01483
1332		3.788515		3.78675		41.0833		11.51788		11.95767		55.0455		22.91302		22.86557		79.04141		53.99574		54		11.95767		43.2837		43		22.83673		98.7241		98.3392		55.06639		53.02599		52.83675		77.6978		35.30359		35.3		98.46497		48.51472		48.51		52.90632
1344		3.786476		3.78675		39.98131		11.85595		12.62627		55.94679		22.91803		22.94328		79.13538		54.07648		54		12.62627		43.34457		43		22.91521		98.31005		98.6969		55.19854		52.85405		52.77498		68.15762		35.30222		35.3		98.44291		48.49315		48.51		52.69095
1356		3.787284		3.78675		40.32722		12.12933		11.75286		55.47214		22.93763		22.89934		79.09403		53.97096		54		11.75286		43.31237		43		22.87784		98.29148		98.26207		55.21816		52.88318		52.88099		60.10257		35.30883		35.3		98.53777		48.51583		48.51		52.9179
1368		3.788134		3.78675		40.80219		11.90728		11.43293		55.1784		22.98003		22.95347		79.16516		53.93242		54		11.43293		43.31826		43		22.88794		98.40174		98.75043		55.27821		52.91929		52.97408		55.91646		35.31661		35.3		98.65197		48.51366		48.51		52.89669
1380		3.789914		3.78675		41.78111		11.8853		11.90113		55.2343		22.94699		22.98936		79.25303		53.98915		54		11.90113		43.42607		43		23.02502		98.424		98.65588		55.23525		52.84584		53.01616		45.47929		35.30871		35.3		98.53964		48.51644		48.51		52.92496
1392		3.786871		3.78675		40.2377		11.78058		11.70674		55.1008		23.08148		22.92044		79.04726		53.96593		54		11.70674		43.41414		43		23.01301		98.31844		98.24373		55.00846		52.8672		52.90154		57.29482		35.28801		35.3		98.23973		48.5101		48.51		52.86205
1404		3.786684		3.78675		40.02676		12.1647		12.04834		55.65435		23.02936		22.89699		79.06114		54.00727		54		12.04834		43.39512		43		22.99215		98.08914		98.28098		55.0395		52.93771		52.73762		76.85642		35.30646		35.3		98.50042		48.5073		48.51		52.8341
1416		3.790124		3.78675		41.83619		12.02168		12.02614		55.56989		22.94844		22.97718		79.26904		54.00465		54		12.02614		43.38095		43		22.97738		98.33357		98.55465		55.19517		52.91172		53.09253		44.28227		35.30614		35.3		98.49685		48.50311		48.51		52.79251
1428		3.789388		3.78675		41.46301		11.97754		11.64317		55.04992		22.98404		23.01081		79.31343		53.95861		54		11.64317		43.38964		43		22.99114		98.30089		98.51427		55.09341		53.00891		52.77695		80.18225		35.29148		35.3		98.28197		48.5202		48.51		52.96381
1440		3.785136		3.78675		39.40064		11.90356		11.41298		55.01426		22.98075		23.05091		79.36607		53.93102		54		11.41298		43.40636		43		23.01495		98.4451		98.54298		55.1161		52.84456		53.07265		40.35363		35.28882		35.3		98.24525		48.50873		48.51		52.84933
1452		3.782985		3.78675		38.32994		11.70052		11.90653		55.08273		22.99231		22.9896		79.31979		53.99073		54		11.90653		43.38579		43		22.99231		98.62583		98.34202		55.07017		52.77107		52.77084		59.90531		35.29825		35.3		98.37911		48.50338		48.51		52.79609
1464		3.785611		3.78675		39.58365		11.99393		11.90668		55.36797		22.96168		23.0817		79.45007		53.99084		54		11.90668		43.40636		43		23.021		98.21568		97.99885		54.97116		52.95112		52.78889		73.62141		35.28459		35.3		98.17702		48.50573		48.51		52.81973
1476		3.785617		3.78675		39.64221		12.11038		12.01858		55.64374		23.01906		22.98277		79.36561		54.00442		54		12.01858		43.42051		43		23.04175		98.2704		98.26227		55.08156		52.8992		52.92078		58.55703		35.30243		35.3		98.43302		48.52395		48.51		53.00213
1488		3.787275		3.78675		40.41924		11.97715		12.36375		55.64106		23.05987		23.05497		79.42226		54.04624		54		12.36375		43.40504		43		23.0256		98.2288		98.24618		55.07556		53.00781		52.86176		73.60218		35.28193		35.3		98.13631		48.51244		48.51		52.88723
1500		3.789986		3.78675		41.74485		11.68668		11.50296		54.78502		23.03187		23.04118		79.38101		53.94243		54		11.50296		43.45063		43		23.0855		98.42319		98.29368		54.99826		52.93232		52.83186		69.09658		35.28754		35.3		98.21283		48.5134		48.51		52.89695
1512		3.787991		3.78675		40.75797		12.03769		12.46571		55.34407		23.02556		23.09445		79.46542		54.05886		54		12.46571		43.39983		43		23.02534		98.17528		98.46576		55.04647		52.75003		52.80946		55.45483		35.29394		35.3		98.30329		48.49881		48.51		52.75107
1524		3.78679		3.78675		40.10013		12.08464		12.54775		55.47985		23.10651		23.03414		79.412		54.06886		54		12.54775		43.43178		43		23.06834		98.19047		98.58548		55.1079		52.87175		52.83555		63.81949		35.28998		35.3		98.24247		48.50678		48.51		52.83092
1536		3.78789		3.78675		40.77033		11.8087		11.67943		54.94752		23.11533		23.01317		79.3648		53.96405		54		11.67943		43.36898		43		22.9933		98.42142		98.36344		55.14753		52.91858		52.75124		74.67225		35.31371		35.3		98.58475		48.49917		48.51		52.75495
1548		3.784223		3.78675		38.99977		11.81756		11.75575		54.68452		23.10564		23.10777		79.50514		53.97359		54		11.75575		43.44385		43		23.08971		98.49807		98.19304		54.97646		52.96173		53.03763		52.87242		35.27614		35.3		98.04388		48.49978		48.51		52.76148
1560		3.785477		3.78675		39.47327		11.85975		11.75768		55.1855		23.14199		23.07179		79.43757		53.97403		54		11.75768		43.42235		43		23.06613		98.25713		98.13968		54.81113		52.97448		52.62934		89.1516		35.28845		35.3		98.21181		48.5132		48.51		52.89559
1572		3.786457		3.78675		39.93308		11.96467		12.04602		55.22697		23.04443		23.0523		79.48348		54.00894		54		12.04602		43.43429		43		23.08422		98.33078		98.17893		54.97454		52.85973		52.77223		68.23565		35.29783		35.3		98.34483		48.49766		48.51		52.7403
1584		3.78557		3.78675		39.50368		11.7151		11.84148		55.24774		23.06436		23.09968		79.6233		53.98427		54		11.84148		43.41822		43		23.06752		98.39056		98.2813		55.03585		52.77137		52.72144		64.42296		35.30393		35.3		98.42976		48.50441		48.51		52.80771
1596		3.785816		3.78675		39.57123		11.81178		12.30736		55.49222		23.10243		23.14008		79.58859		54.04056		54		12.30736		43.45701		43		23.11908		98.43376		98.29158		54.96805		52.89878		52.8467		64.88402		35.30652		35.3		98.4604		48.49263		48.51		52.68983
1608		3.784515		3.78675		38.8319		11.88207		12.03968		55.40652		23.12653		23.029		79.42326		54.00823		54		12.03968		43.43561		43		23.09566		98.3828		98.26937		55.05675		52.85826		52.8949		56.64968		35.29502		35.3		98.29086		48.49392		48.51		52.70279
1620		3.788474		3.78675		40.89706		12.0368		12.05327		55.38263		23.10989		23.10146		79.55526		54.00984		54		12.05327		43.4561		43		23.12448		98.30716		98.11462		55.1162		52.78045		52.97907		42.60256		35.29043		35.3		98.22615		48.51069		48.51		52.87068
1632		3.78751		3.78675		40.55043		12.1305		11.80115		55.4413		23.13475		23.09808		79.46324		53.97944		54		11.80115		43.43053		43		23.09589		98.17416		98.10716		55.01925		52.94383		52.75929		75.74854		35.30235		35.3		98.39413		48.51805		48.51		52.94432
1644		3.781611		3.78675		37.57304		11.83109		11.61847		55.18356		23.10937		23.1243		79.61016		53.95745		54		11.61847		43.39014		43		23.04884		98.53194		98.27039		55.01021		52.78708		53.09433		34.1378		35.29106		35.3		98.22654		48.51721		48.51		52.93582
1656		3.784665		3.78675		39.08995		11.95901		12.53127		55.58252		23.13298		23.14969		79.58046		54.06773		54		12.53127		43.40298		43		23.06812		98.38522		97.87465		54.97645		52.90365		52.84188		65.79572		35.26647		35.3		97.87325		48.51056		48.51		52.86946
1668		3.785935		3.78675		39.74144		12.13648		11.99796		55.40194		23.08348		23.08969		79.55686		54.00332		54		11.99796		43.40226		43		23.0705		98.2016		98.38706		55.1252		52.8046		52.94433		48.53592		35.29488		35.3		98.28066		48.51309		48.51		52.89475
1680		3.787886		3.78675		40.71543		11.98877		12.22478		55.48482		23.10323		23.13839		79.67344		54.03074		54		12.22478		43.43319		43		23.11226		98.24205		98.04589		54.99795		52.74795		52.73503		61.1781		35.28711		35.3		98.16625		48.53028		48.51		53.06665
1692		3.788328		3.78675		40.94165		12.05961		11.82334		55.37534		23.10389		23.03912		79.53323		53.98222		54		11.82334		43.416		43		23.09412		98.05945		98.29491		55.05042		52.77926		52.90679		49.65449		35.29035		35.3		98.20779		48.4997		48.51		52.76084
1704		3.787228		3.78675		40.36175		12.06375		11.53057		55.26438		23.09602		23.07067		79.50156		53.94676		54		11.53057		43.36527		43		23.03412		98.27102		98.21045		55.08938		52.82545		52.88717		55.25482		35.31031		35.3		98.4899		48.51294		48.51		52.89343
1716		3.786011		3.78675		39.80962		11.85813		11.78927		55.33187		25.83482		26.83375		86.95536		53.97796		54		11.78927		43.45113		40		26.8852		98.49015		98.53495		55.12477		52.84766		53.0103		46.64908		35.30091		35.3		98.35308		48.50873		48.51		52.85129
1728		3.785658		3.78675		39.66022		12.08226		11.8773		55.47926		26.77249		26.81823		90.34487		53.98853		54		11.8773		43.29649		40		26.71803		98.40028		98.24248		55.11698		52.82777		52.85557		56.74987		35.28548		35.3		98.12983		48.50557		48.51		52.81995
1740		3.792089		3.78675		42.90549		12.01196		11.41044		55.31904		26.64916		26.63463		90.19843		53.93221		54		11.41044		43.29268		40		26.73813		98.14208		98.57733		55.17539		52.91809		52.71204		77.95913		35.3133		35.3		98.52985		48.50646		48.51		52.82887
1752		3.794348		3.78675		43.95429		12.13491		11.58985		55.12938		26.68495		26.62556		90.00333		53.95386		54		11.58985		43.18199		40		26.62458		97.94786		98.36217		55.15082		52.77686		53.106		30.59171		35.32027		35.3		98.62783		48.51743		48.51		52.93876
1764		3.789224		3.78675		41.38613		11.9597		11.82248		55.55909		26.61831		26.59427		89.89048		53.98181		54		11.82248		43.13721		40		26.5925		98.14532		98.47029		55.1541		52.93883		52.91451		61.42928		35.30275		35.3		98.37243		48.4996		48.51		52.76063
1776		3.787341		3.78675		40.47954		12.07092		11.69496		55.46391		26.42237		26.55101		89.86207		53.96638		54		11.69496		42.95553		40		26.38942		98.25301		98.52594		55.13292		52.90839		52.92136		57.86118		35.29713		35.3		98.29113		48.51449		48.51		52.90967
1788		3.788573		3.78675		41.12685		12.23378		11.7589		55.78027		26.38843		26.41811		89.66776		53.97399		54		11.7589		42.99744		40		26.46413		98.09921		98.39441		55.12858		52.84088		52.90927		54.61026		35.29701		35.3		98.28806		48.51706		48.51		52.93531
1800		3.785178		3.78675		39.28514		12.17905		11.95916		55.49752		26.34827		26.41838		89.55173		53.99807		54		11.95916		42.93573		40		26.40922		98.15471		98.42149		55.09464		52.79739		52.83558		57.08909		35.29236		35.3		98.21175		48.50494		48.51		52.81389
1812		3.787851		3.78675		40.64058		11.95034		11.99469		55.22346		26.32448		26.23453		89.21486		54.00242		54		11.99469		42.88569		40		26.3683		98.27725		98.54953		55.07866		52.8646		53.06898		43.44525		35.31075		35.3		98.47398		48.52156		48.51		52.98015
1824		3.785812		3.78675		39.65019		12.10378		11.01693		54.96429		26.1866		26.16644		89.06935		53.88436		54		11.01693		42.74259		40		26.21091		98.19063		98.38584		55.04229		52.82318		52.86261		57.14487		35.29449		35.3		98.23895		48.51765		48.51		52.94111
1836		3.788797		3.78675		41.18393		11.9974		11.54748		55.27614		26.18323		26.17725		88.96743		53.94839		54		11.54748		42.60008		40		26.05372		98.22626		98.41823		55.10371		52.85427		52.90199		57.06031		35.31212		35.3		98.49083		48.5239		48.51		53.00371
1848		3.792506		3.78675		42.97827		12.06424		12.45034		55.88552		26.1075		26.05138		88.7787		54.05717		54		12.45034		42.57298		40		26.03962		98.2025		98.18967		55.14544		52.84189		53.05757		41.79892		35.3037		35.3		98.36376		48.49873		48.51		52.75197
1860		3.786042		3.78675		39.75502		12.01723		12.55645		55.94864		26.05187		25.95757		88.50045		54.06984		54		12.55645		42.54097		40		26.01882		98.45752		98.32354		55.0983		52.75132		52.99597		38.13264		35.30825		35.3		98.4261		48.50725		48.51		52.83714
1872		3.783959		3.78675		38.75387		11.90013		12.29081		55.39303		25.95578		25.85253		88.39591		54.03767		54		12.29081		42.40498		40		25.86802		98.50131		98.31276		55.14421		52.85961		52.90529		55.07887		35.29732		35.3		98.26749		48.52564		48.51		53.02117
1884		3.7905		3.78675		42.08155		11.86065		12.24322		55.64417		25.82578		25.80312		88.21169		54.0319		54		12.24322		42.32912		40		25.7914		98.21211		98.49787		55.11298		52.89274		52.74181		70.9014		35.30145		35.3		98.32588		48.51873		48.51		52.95219
1896		3.78964		3.78675		41.7107		12.146		12.16134		55.79768		25.7785		25.72163		88.00542		54.02183		54		12.16134		42.24277		40		25.70115		98.12466		98.3479		55.24515		52.81333		52.92675		49.10275		35.29204		35.3		98.19301		48.51679		48.51		52.9331
1908		3.78536		3.78675		39.65987		11.95335		11.50585		55.26446		25.66839		25.61666		87.83133		53.94266		54		11.50585		42.19903		40		25.6634		98.30415		98.35418		55.1215		52.98944		52.95322		63.01703		35.30148		35.3		98.32824		48.5155		48.51		52.92051
1920		3.788963		3.78675		41.38259		12.20083		11.48245		55.41006		25.61989		25.60064		87.66637		53.93972		54		11.48245		42.12955		40		25.59309		98.18104		98.58368		55.15374		52.91205		52.96921		55.03789		35.30723		35.3		98.40675		48.50474		48.51		52.81316
1932		3.788726		3.78675		41.26948		12.36206		11.57962		55.58118		25.46959		25.47855		87.50539		53.95125		54		11.57962		42.07392		40		25.53939		98.02195		98.34049		55.22333		52.94021		52.86642		66.15733		35.30283		35.3		98.34108		48.53436		48.51		53.10962
1944		3.786327		3.78675		39.99845		12.04873		12.7816		56.22785		25.45336		25.4698		87.35362		54.09633		54		12.7816		41.94932		40		25.39927		98.37644		98.01632		55.03298		52.86953		53.07165		42.67861		35.29459		35.3		98.22182		48.5125		48.51		52.89106
1956		3.790303		3.78675		42.04264		12.28268		11.83451		55.71761		25.36825		25.36864		87.07944		53.98179		54		11.83451		41.84781		40		25.28739		98.07746		98.08129		55.1645		52.89589		52.88192		60.80913		35.29713		35.3		98.25823		48.529		48.51		53.05617
1968		3.788223		3.78675		40.92456		12.09203		12.24401		55.75796		25.37674		25.29608		86.84059		54.03109		54		12.24401		41.84292		40		25.29522		98.29268		98.47536		55.20871		52.91367		52.74799		75.26926		35.30707		35.3		98.39829		48.49423		48.51		52.70873
1980		3.789485		3.78675		41.46667		11.97975		11.71917		55.49736		25.21408		25.18093		86.63195		53.9675		54		11.71917		41.79898		40		25.25384		98.28638		98.24709		55.16445		52.93217		53.06348		48.65442		35.31464		35.3		98.5032		48.51673		48.51		52.93389
1992		3.787221		3.78675		40.27063		12.15948		12.20459		55.78759		25.14474		25.09982		86.48316		54.02584		54		12.20459		41.6325		40		25.05942		98.33239		98.4594		55.25893		52.78918		52.71724		66.07615		35.32551		35.3		98.65594		48.50411		48.51		52.80778
2004		3.790851		3.78675		42.14253		12.01012		11.82047		55.37197		25.06499		25.08459		86.33827		53.97933		54		11.82047		41.60763		40		25.04075		98.17093		98.10853		55.13462		52.97584		52.88071		67.99387		35.30731		35.3		98.39041		48.51142		48.51		52.88116
2016		3.789386		3.78675		41.47006		12.12312		12.22993		55.60442		25.00478		24.90309		85.93359		54.0287		54		12.22993		41.5282		40		24.95354		98.07025		98.64166		55.25865		52.90985		52.94507		57.48837		35.30295		35.3		98.32899		48.50674		48.51		52.8347
2028		3.787869		3.78675		40.78468		12.02479		12.30055		55.47762		24.98403		24.85549		84.84213		54.03724		54		12.30055		41.45364		40		24.87193		98.22255		98.15914		55.07324		53.00046		52.75934		81.53551		35.29018		35.3		98.14657		48.51986		48.51		52.96622
2040		3.787478		3.78675		40.56079		12.23339		11.91831		55.95312		24.90421		24.83273		84.65253		53.99099		54		11.91831		41.41976		40		24.84056		98.11688		97.86419		55.02932		52.8696		52.80151		67.20733		35.29209		35.3		98.17406		48.51201		48.51		52.88802
2052		3.787566		3.78675		40.65498		12.09472		12.17972		55.62975		24.80177		24.74525		84.5041		54.02251		54		12.17972		41.35806		40		24.77418		98.26677		98.33539		55.13205		53.0005		52.90305		70.35423		35.29922		35.3		98.27555		48.52264		48.51		52.99442
2064		3.788855		3.78675		41.26626		11.96257		11.97205		55.88338		24.84133		24.7823		84.36598		53.99739		54		11.97205		41.35016		40		24.7745		98.17847		98.11567		55.00797		52.77946		53.04726		38.83814		35.28636		35.3		98.08868		48.50787		48.51		52.84684
2076		3.786526		3.78675		40.07824		11.95684		12.1088		55.60388		24.74611		24.67947		84.26157		54.01382		54		12.1088		41.28059		40		24.6977		98.19893		98.07528		55.04074		52.8729		52.86392		62.48847		35.29786		35.3		98.25235		48.51618		48.51		52.92996
2088		3.786165		3.78675		39.89408		11.85277		11.83309		55.1586		24.68219		24.68682		84.17425		53.98054		54		11.83309		41.23662		40		24.65244		98.37322		98.41609		55.08671		52.87911		52.99908		50.73709		35.30782		35.3		98.39356		48.51875		48.51		52.9556
2100		3.789233		3.78675		41.37394		12.24315		12.04998		55.62162		24.64177		24.61407		84.05882		54.0066		54		12.04998		41.26849		40		24.70134		98.10353		98.71429		55.18893		52.91778		52.90112		62.3944		35.30584		35.3		98.36116		48.52922		48.51		53.06035
2112		3.78585		3.78675		39.52475		11.9973		12.48202		55.65404		24.68188		24.58896		83.79128		54.05869		54		12.48202		41.1573		40		24.57178		98.16039		98.1227		55.05438		52.76661		52.95438		45.38695		35.28182		35.3		98.01367		48.49456		48.51		52.71384
2124		3.786969		3.78675		40.27171		11.98909		12.42556		55.70116		24.54185		24.55105		83.73212		54.05191		54		12.42556		41.09412		40		24.5016		98.29284		98.39407		55.09567		53.12866		52.97146		74.70431		35.29914		35.3		98.26869		48.51586		48.51		52.9273
2136		3.789986		3.78675		41.74711		12.0434		11.77257		55.49972		24.4338		24.46034		83.65351		53.97301		54		11.77257		41.07704		40		24.48852		98.19007		98.32444		55.09814		52.81895		52.81748		60.29628		35.29862		35.3		98.25919		48.50502		48.51		52.81905
2148		3.784909		3.78675		39.36796		12.04935		11.7322		55.35798		24.50121		24.41352		83.33429		53.96821		54		11.7322		41.02786		40		24.43514		98.43272		98.2323		55.0646		52.95479		53.04651		52.83456		35.30267		35.3		98.32106		48.52712		48.51		53.0403
2160		3.785134		3.78675		39.481		11.9104		11.75668		55.48043		24.3925		24.42263		83.38663		53.97111		54		11.75668		40.95775		40		24.35543		98.36721		97.94673		54.99181		52.92825		53.09932		45.40051		35.29117		35.3		98.15366		48.50845		48.51		52.85398
2172		3.785091		3.78675		39.38078		12.09218		12.54208		55.90572		24.3771		24.32166		83.21997		54.06573		54		12.54208		40.96176		40		24.36775		98.23561		98.01122		55.11086		52.94312		52.82189		71.11349		35.27959		35.3		97.9858		48.50301		48.51		52.7998
2184		3.789084		3.78675		41.38692		11.96718		12.71811		55.85611		24.38042		24.34836		83.12872		54.08691		54		12.71811		40.88507		40		24.27937		98.28907		98.32148		55.0857		52.94911		52.8913		66.12753		35.30751		35.3		98.38294		48.53291		48.51		53.09894
2196		3.787897		3.78675		40.7795		12.34846		12.15341		55.83148		24.3399		24.33583		83.05933		54.01854		54		12.15341		40.91811		40		24.32731		98.0231		98.29202		55.19064		52.82747		52.91922		52.98121		35.29296		35.3		98.1741		48.51224		48.51		52.89232
2208		3.7901		3.78675		41.88303		11.94225		11.65727		55.057		24.22479		24.31688		83.042		53.95863		54		11.65727		40.83064		40		24.22491		98.31495		98.3467		55.11217		52.86473		52.80294		66.83809		35.31554		35.3		98.49946		48.53087		48.51		53.07893
2220		3.787493		3.78675		40.61603		12.03191		11.52951		55.45453		24.25577		24.20787		82.71656		53.94309		54		11.52951		40.80892		40		24.20411		98.18373		98.56461		55.16136		52.91285		53.08637		47.12439		35.32268		35.3		98.6011		48.51449		48.51		52.91527
2232		3.787507		3.78675		40.58251		12.02409		11.74408		55.12439		24.21397		24.17301		82.68636		53.96899		54		11.74408		40.79082		40		24.1876		98.11652		98.13275		55.05557		52.93763		52.80698		73.47868		35.30511		35.3		98.34573		48.52812		48.51		53.05181
2244		3.78651		3.78675		40.07432		12.1853		12.25546		55.82624		24.1435		24.13512		82.62789		54.03067		54		12.25546		40.7703		40		24.16783		98.13081		98.2996		55.07896		52.77463		52.91658		50.05806		35.2951		35.3		98.20036		48.50043		48.51		52.77502
2256		3.785843		3.78675		39.83902		11.98165		12.09027		55.45913		24.10569		24.08187		82.52157		54.0107		54		12.09027		40.73391		40		24.12807		98.26122		98.32757		55.11613		52.78347		53.1527		30.8128		35.30514		35.3		98.34689		48.52115		48.51		52.98256
2268		3.785221		3.78675		39.50235		11.97231		12.07249		55.39318		24.04528		24.08411		82.47211		54.00842		54		12.07249		40.72473		40		24.12193		98.29417		98.13925		55.03952		52.7617		52.89102		50.63163		35.29517		35.3		98.20125		48.49558		48.51		52.72717
2280		3.786486		3.78675		40.00133		12.19755		12.64467		56.29402		24.01983		24.02802		82.31948		54.07731		54		12.64467		40.64643		40		24.02948		98.09931		97.98702		55.02434		52.93535		52.84681		69.33539		35.28391		35.3		98.03453		48.50367		48.51		52.80817
2292		3.787592		3.78675		40.6094		12.08027		11.59623		55.4911		24.0415		24.04317		82.24749		53.95051		54		11.59623		40.64451		40		24.03194		98.20425		98.40172		55.26904		52.95258		52.90563		66.49202		35.3135		35.3		98.46451		48.51458		48.51		52.91755
2304		3.785136		3.78675		39.44178		11.87085		11.90733		55.37496		24.01461		24.02746		82.15911		53.98806		54		11.90733		40.60654		40		23.98927		98.38395		98.46474		55.18259		52.84691		52.93084		53.91857		35.2913		35.3		98.14684		48.50502		48.51		52.82244
2316		3.786331		3.78675		39.97883		12.17124		11.69109		55.65856		23.86794		23.89447		82.04347		53.96177		54		11.69109		40.59378		40		23.97771		98.21941		98.05809		55.1177		52.82689		52.87839		55.67435		35.29109		35.3		98.14378		48.51456		48.51		52.91821
2328		3.789447		3.78675		41.56649		12.36477		12.30419		55.70646		23.94899		23.85549		81.91229		54.03583		54		12.30419		40.58898		40		23.97597		98.10653		98.62698		55.23426		52.88931		52.85977		62.5995		35.30422		35.3		98.33519		48.50252		48.51		52.79802
2340		3.789085		3.78675		41.40548		12.05768		12.07968		55.60746		23.90229		23.92708		81.94238		54.00874		54		12.07968		40.52328		40		23.89817		98.16759		98.56898		55.13969		52.96829		52.7053		82.97703		35.29401		35.3		98.18972		48.51798		48.51		52.95286
2352		3.788882		3.78675		41.37223		11.89563		11.5252		55.24904		23.86633		23.89309		81.89087		53.94186		54		11.5252		40.49985		40		23.87281		98.25001		98.04562		54.98748		52.89655		52.95231		56.23003		35.28903		35.3		98.11998		48.50475		48.51		52.82122
2364		3.789114		3.78675		41.4234		11.95127		12.21602		55.71343		23.82238		23.85412		81.87081		54.0252		54		12.21602		40.53026		40		23.91439		98.35871		98.46591		55.04648		52.8699		52.92939		55.51739		35.31113		35.3		98.43309		48.53015		48.51		53.07536
2376		3.78521		3.78675		39.41511		12.05332		11.33843		55.2106		23.89405		23.81365		81.65515		53.91916		54		11.33843		40.45085		40		23.81901		98.25629		98.35705		55.09865		52.90837		52.8939		62.57096		35.30376		35.3		98.3261		48.53476		48.51		53.12194
2388		3.783674		3.78675		38.60223		12.0768		12.05645		55.66738		23.82278		23.77861		81.53731		54.00578		54		12.05645		40.42172		40		23.78604		98.19267		98.15315		55.05058		52.95059		52.83842		70.63612		35.28667		35.3		98.07949		48.52099		48.51		52.98474
2400		3.785772		3.78675		39.71244		11.9422		12.2531		55.46151		23.76171		23.78523		81.60949		54.02955		54		12.2531		40.34216		40		23.69019		98.40433		98.30526		55.12141		52.94683		53.02552		55.26789		35.31255		35.3		98.45706		48.50317		48.51		52.80691
2412		3.78795		3.78675		40.74417		11.97467		11.86842		55.5005		23.81188		23.77258		81.46509		53.983		54		11.86842		40.36718		40		23.72434		98.2601		98.28956		55.13566		52.83709		52.98148		49.99374		35.30321		35.3		98.32294		48.51629		48.51		52.93851
2424		3.788217		3.78675		40.96118		11.89892		12.27111		55.73857		23.77207		23.74602		81.42858		54.03159		54		12.27111		40.36617		40		23.72592		98.50412		98.14394		55.10518		52.8946		53.24557		30.86578		35.29685		35.3		98.23517		48.52131		48.51		52.98951
2436		3.787443		3.78675		40.68664		12.28168		11.74887		55.54646		23.70752		23.76057		81.45485		53.96851		54		11.74887		40.29336		40		23.6379		98.25806		98.56466		55.21818		52.93041		52.8137		70.69717		35.31258		35.3		98.46659		48.51803		48.51		52.95713
2448		3.788039		3.78675		40.88604		11.98794		11.76947		55.30391		23.61935		23.72885		81.47516		53.97098		54		11.76947		40.30482		40		23.65469		98.32066		98.20437		55.10464		52.84005		52.87059		57.56108		35.27354		35.3		97.90154		48.51208		48.51		52.89788
2460		3.786201		3.78675		39.99544		11.76082		12.31636		55.24011		23.62851		23.67987		81.30501		54.03718		54		12.31636		40.30179		40		23.6533		98.39944		98.23899		55.02233		52.85192		52.98989		47.66032		35.3023		35.3		98.31691		48.50971		48.51		52.87461
2472		3.791856		3.78675		42.78925		11.89094		11.8013		55.24824		23.67277		23.74395		81.342		53.975		54		11.8013		40.30506		40		23.6597		98.1512		98.18995		55.00053		52.83956		52.83507		55.01004		35.29847		35.3		98.25957		48.52273		48.51		53.00503
2484		3.789182		3.78675		41.5043		12.16298		12.24831		55.69244		23.62016		23.55686		81.10201		54.02893		54		12.24831		40.28		40		23.63069		98.09523		98.60164		55.12846		52.97501		52.99004		54.01283		35.30095		35.3		98.29572		48.53805		48.51		53.15863
2496		3.7883		3.78675		40.98302		11.99537		12.07296		55.48736		23.63241		23.69286		81.21531		54.00773		54		12.07296		40.25869		40		23.60617		98.19913		98.48593		55.13033		52.8931		53.00268		48.09756		35.28163		35.3		98.01419		48.51326		48.51		52.91094
2508		3.786033		3.78675		39.82645		11.98988		11.1446		55.1356		23.53293		23.58777		81.13124		53.89568		54		11.1446		40.27644		40		23.63017		98.25991		98.23938		55.00242		52.91525		52.86141		62.79129		35.29218		35.3		98.1665		48.51101		48.51		52.88868
2520		3.789793		3.78675		41.69448		12.16827		12.1055		55.52496		23.5561		23.61285		81.08957		54.0117		54		12.1055		40.24279		40		23.59009		97.99335		98.51399		55.1456		52.8019		52.78567		59.99166		35.30886		35.3		98.40569		48.49646		48.51		52.74342
2532		3.788609		3.78675		41.06371		12.06904		12.14641		55.55411		23.50013		23.50531		80.97199		54.01654		54		12.14641		40.1966		40		23.53426		98.14759		98.56098		55.18704		52.90631		52.83629		65.51892		35.31846		35.3		98.54317		48.51846		48.51		52.96368
2544		3.785343		3.78675		39.33211		12.08595		11.60168		55.31628		23.56982		23.55634		80.95462		53.95076		54		11.60168		40.19668		40		23.53593		98.11778		98.29214		54.99848		52.88767		53.02917		46.48663		35.28251		35.3		98.01982		48.49353		48.51		52.71441
2556		3.789706		3.78675		41.55728		11.97965		12.37761		55.75614		23.5169		23.50241		80.90957		54.04442		54		12.37761		40.17122		40		23.50573		98.23958		98.46643		55.20313		52.99963		52.77628		78.20101		35.33654		35.3		98.8028		48.50102		48.51		52.78937
2568		3.7861		3.78675		39.7405		11.89292		12.2636		55.51069		23.57906		23.46138		80.75708		54.03071		54		12.2636		40.21995		40		23.56774		98.51772		98.39334		55.00591		53.04258		52.86346		69.00539		35.2909		35.3		98.14367		48.51474		48.51		52.92684
2580		3.785953		3.78675		39.65349		11.87247		12.5614		55.3385		23.49295		23.55818		80.90541		54.06683		54		12.5614		40.1813		40		23.52092		98.48359		98.43821		54.9779		53.07755		53.00231		62.76613		35.31859		35.3		98.54121		48.5233		48.51		53.0126
2592		3.786995		3.78675		40.12123		12.02897		12.13377		55.38603		23.51679		23.47516		80.75395		54.01515		54		12.13377		40.15539		40		23.48989		98.25564		98.10509		54.9819		53.06899		52.97304		66.09715		35.29145		35.3		98.14761		48.50539		48.51		52.8337
2604		3.786888		3.78675		40.21729		11.95244		11.86478		55.20185		23.49841		23.51646		80.78169		53.98277		54		11.86478		40.10826		40		23.43233		98.41495		98.24289		54.98012		52.98981		52.95287		62.07023		35.29369		35.3		98.18309		48.52364		48.51		53.01669
2616		3.781517		3.78675		37.52966		11.70363		11.82216		54.93847		23.50308		23.56753		80.82501		53.97772		54		11.82216		40.12857		40		23.45867		98.67661		98.07511		54.93508		52.93444		53.02728		51.57611		35.29448		35.3		98.19611		48.52626		48.51		53.04321
2628		3.785799		3.78675		39.72399		11.67589		12.05097		55.09988		23.42171		23.46308		80.71207		54.00561		54		12.05097		40.17747		40		23.52049		98.60692		98.32735		54.88641		53.01869		53.12393		49.46029		35.30588		35.3		98.36264		48.49701		48.51		52.75106
2640		3.784896		3.78675		39.31508		11.80164		12.16282		55.27491		23.44753		23.48304		80.67855		54.01927		54		12.16282		40.14678		40		23.48316		98.60333		98.10692		54.87356		53.03736		52.88945		71.32884		35.29945		35.3		98.27158		48.5199		48.51		52.98046
2652		3.785706		3.78675		39.70292		12.22494		12.07372		55.49433		23.40468		23.44594		80.65231		54.00848		54		12.07372		40.11645		40		23.44618		98.17628		98.12984		54.96641		52.99116		52.96622		60.91141		35.29925		35.3		98.2659		48.51104		48.51		52.89226
2664		3.789489		3.78675		41.57635		12.09668		12.02421		55.64596		23.46088		23.47792		80.60877		54.00256		54		12.02421		40.04706		40		23.36052		98.10042		98.12082		54.96671		52.85566		52.7842		64.73063		35.29862		35.3		98.25674		48.51951		48.51		52.97728
2676		3.783137		3.78675		38.36018		11.79856		12.30382		55.56332		23.46142		23.43158		80.56803		54.03634		54		12.30382		40.08597		40		23.40965		98.41673		98.28561		55.05174		53.05125		53.02409		61.14642		35.29468		35.3		98.20041		48.52571		48.51		53.03959
2688		3.787171		3.78675		40.25954		11.82893		11.44134		54.88158		23.35436		23.41256		80.62371		53.93228		54		11.44134		40.08844		40		23.41333		98.26087		98.25129		54.92818		52.87777		52.81056		65.7439		35.29441		35.3		98.19105		48.52726		48.51		53.05532
2700		3.787476		3.78675		40.4865		11.88789		11.74914		55.05777		23.36653		23.43807		80.60076		53.96955		54		11.74914		40.09256		40		23.41898		98.24525		98.68263		55.08723		52.8887		52.83481		64.18346		35.2917		35.3		98.15508		48.52006		48.51		52.98367
2712		3.786809		3.78675		40.11346		11.96874		11.66619		54.97742		23.40388		23.44155		80.56506		53.95956		54		11.66619		40.05933		40		23.3781		98.31811		98.37307		55.06603		52.92343		53.09726		45.07244		35.31555		35.3		98.49929		48.52177		48.51		53.00103
2724		3.788639		3.78675		41.02182		12.15518		11.39651		55.39039		23.33842		23.39991		80.54735		53.92704		54		11.39651		40.06079		40		23.38035		98.01239		98.27574		55.01351		52.97554		52.92926		65.33925		35.31149		35.3		98.44161		48.52797		48.51		53.06316
2736		3.787008		3.78675		40.29051		11.86364		11.70698		55.07704		23.36424		23.3187		80.44895		53.96468		54		11.70698		40.06059		40		23.38046		98.41167		98.39811		54.95143		52.87391		52.97574		52.27768		35.29762		35.3		98.24073		48.50944		48.51		52.87801
2748		3.789393		3.78675		41.43927		11.86824		11.65542		55.04957		23.33677		23.34482		80.42898		53.95857		54		11.65542		40.04609		40		23.36269		98.10751		98.07673		54.83476		52.95054		52.90534		64.09675		35.31258		35.3		98.4495		48.509		48.51		52.87361
2760		3.788984		3.78675		41.32837		12.03566		11.77592		55.24645		23.35911		23.40112		80.52051		53.97318		54		11.77592		40.05094		40		23.36902		98.17172		98.28279		54.97111		52.82494		52.91535		52.1793		35.30032		35.3		98.27175		48.52313		48.51		53.01514
2772		3.78631		3.78675		40.00454		12.00413		11.56206		55.14932		23.32185		23.33897		80.39252		53.94748		54		11.56206		40.00155		40		23.3077		98.40574		98.43874		54.94965		53.0204		52.86506		74.85808		35.30277		35.3		98.30928		48.52541		48.51		53.03794
2784		3.788822		3.78675		41.22377		11.89485		12.46556		55.55062		23.3945		23.32217		80.26802		54.05669		54		12.46556		40.0152		40		23.32486		98.36614		98.33007		54.93265		52.85502		52.84042		62.09552		35.32322		35.3		98.60025		48.51817		48.51		52.96551
2796		3.7864		3.78675		40.09838		12.09777		11.7191		55.40908		23.26813		23.35008		80.44023		53.96671		54		11.7191		39.97727		40		23.27774		98.28128		98.42094		54.96541		52.93868		52.96995		58.08406		35.29808		35.3		98.24096		48.53925		48.51		53.17645
2808		3.785452		3.78675		39.5661		12.10859		11.47217		55.00685		23.32841		23.30059		80.262		53.93696		54		11.47217		39.95052		40		23.24449		98.32503		98.23722		54.95071		52.83495		52.95713		51.14565		35.30079		35.3		98.27791		48.5101		48.51		52.88528
2820		3.787665		3.78675		40.77534		11.90604		11.53513		55.1618		23.24974		23.30502		80.34748		53.94455		54		11.53513		39.95806		40		23.25385		98.21947		98.40403		55.08633		52.84227		53.00769		46.01996		35.31385		35.3		98.46899		48.49968		48.51		52.78138
2832		3.785976		3.78675		39.85634		12.01834		11.49376		55.23045		23.35838		23.30086		80.21216		53.93953		54		11.49376		39.96434		40		23.26156		98.2873		97.78962		54.88719		53.08138		52.86151		79.01942		35.27294		35.3		97.87628		48.51056		48.51		52.89038
2844		3.784315		3.78675		38.9535		12.00541		12.15877		55.73958		23.32456		23.24652		80.17621		54.01971		54		12.15877		39.99215		40		23.29602		98.33105		98.17493		55.01042		52.85913		52.88706		57.64626		35.32342		35.3		98.60076		48.5032		48.51		52.81672
2856		3.783697		3.78675		38.61117		12.09284		11.9649		55.65192		23.28438		23.31187		80.26612		53.99629		54		11.9649		40.01582		40		23.32531		98.17359		98.04192		54.99479		52.95001		52.8464		68.89246		35.2877		35.3		98.08545		48.511		48.51		52.89513
2868		3.786937		3.78675		40.23577		12.11328		12.16128		55.63049		23.25942		23.21778		80.13254		54.01997		54		12.16128		39.97845		40		23.27846		98.20799		98.03139		55.00516		52.83694		52.85469		59.18508		35.29695		35.3		98.21661		48.52062		48.51		52.99145
2880		3.784785		3.78675		39.06371		12.2385		11.5602		55.42026		23.26769		23.24987		80.16357		53.9473		54		11.5602		39.96671		40		23.26356		98.01675		98.20447		55.04324		52.92529		52.87069		65.42062		35.28417		35.3		98.03058		48.50703		48.51		52.85567
2892		3.783179		3.78675		38.28391		11.90282		12.14666		55.19688		23.25877		23.2798		80.16538		54.01823		54		12.14666		39.94341		40		23.23421		98.29008		98.00569		54.96391		52.89005		52.96708		54.36391		35.30206		35.3		98.29095		48.50797		48.51		52.86533
2904		3.786705		3.78675		40.09958		12.06263		12.73678		55.72938		23.23252		23.22237		80.13609		54.08947		54		12.73678		39.86115		40		23.13141		98.34542		98.21434		55.03137		52.83928		52.95881		50.04978		35.30092		35.3		98.27522		48.52293		48.51		53.01505
2916		3.785893		3.78675		39.68068		12.07411		11.02023		55.12993		23.30689		23.13599		79.90292		53.88222		54		11.02023		39.94663		40		23.2374		98.14313		98.37799		55.02873		52.9089		52.81586		68.92205		35.31785		35.3		98.51966		48.5268		48.51		53.05397
2928		3.788354		3.78675		40.91058		11.80089		12.33254		55.36668		23.23056		23.21842		80.08512		54.04082		54		12.33254		39.9212		40		23.20527		98.30536		98.40441		54.98743		52.92239		53.0496		50.91213		35.30185		35.3		98.29053		48.52281		48.51		53.01433
2940		3.788469		3.78675		41.03351		11.93023		12.2096		55.36845		23.23616		23.18035		79.9666		54.02606		54		12.2096		39.89576		40		23.17306		98.36477		98.45244		54.9672		52.89009		53.00226		51.94743		35.30247		35.3		98.3009		48.52327		48.51		53.01927
2952		3.787128		3.78675		40.30973		11.92333		12.40537		55.381		23.21435		23.20454		80.01807		54.04976		54		12.40537		39.89647		40		23.17339		98.20984		98.04634		54.84424		52.81907		53.02582		42.63638		35.29595		35.3		98.20098		48.5211		48.51		52.99777
2964		3.784161		3.78675		38.85408		12.13324		11.51538		55.51004		23.24		23.21711		80.00336		53.94215		54		11.51538		39.95643		40		23.24743		98.16653		98.3765		55.04343		52.89823		52.94998		55.82404		35.31259		35.3		98.43886		48.53701		48.51		53.15698
2976		3.785694		3.78675		39.64824		11.92257		11.80918		55.44453		23.20165		23.16123		79.93154		53.97758		54		11.80918		39.90161		40		23.17846		98.26185		97.86927		55.01496		52.9607		52.98921		58.33215		35.30969		35.3		98.3981		48.5372		48.51		53.15912
2988		3.788051		3.78675		40.99029		12.01401		11.92092		55.59314		23.20509		23.19502		79.9606		53.99119		54		11.92092		39.90432		40		23.18113		98.23251		98.38624		55.06246		52.84133		52.88428		57.86752		35.31183		35.3		98.43487		48.51747		48.51		52.9621
3000		3.789732		3.78675		41.83708		11.88841		12.09788		55.53556		23.1366		23.10064		79.86594		54.01261		54		12.09788		39.89626		40		23.17031		98.15691		98.44715		55.03552		52.87986		52.89176		59.62733		35.30917		35.3		98.39629		48.52471		48.51		53.03479
3012		3.785768		3.78675		39.80985		11.7741		11.56154		55.368		23.21512		23.15387		79.87194		53.94787		54		11.56154		39.91484		40		23.19265		98.17455		98.22016		54.94458		52.85305		52.9794		49.87956		35.29811		35.3		98.2363		48.50726		48.51		52.8605
3024		3.786979		3.78675		40.43074		12.07934		12.04004		55.67193		23.1436		23.12485		79.88266		54.00559		54		12.04004		39.89476		40		23.16685		98.23921		98.35344		55.02755		52.90758		52.93292		58.35194		35.30801		35.3		98.37909		48.52056		48.51		52.99357
3036		3.786065		3.78675		39.91579		11.99428		11.30362		54.93002		23.20493		23.14812		79.87448		53.91665		54		11.30362		39.89915		40		23.17148		98.25434		98.0695		54.99808		52.88637		52.72662		74.05683		35.26667		35.3		97.78215		48.50977		48.51		52.8861
3048		3.787239		3.78675		40.49712		11.97901		12.00301		55.45279		23.15083		23.17839		79.90565		54.00103		54		12.00301		39.86235		40		23.12477		98.29308		98.62416		55.10442		52.84442		52.78705		65.21354		35.30767		35.3		98.37121		48.51248		48.51		52.91331
3060		3.78887		3.78675		41.14651		12.32363		11.70719		55.83336		23.16258		23.14727		79.85347		53.96517		54		11.70719		39.92043		40		23.1962		98.05764		98.38208		55.04294		52.96805		53.24303		36.68104		35.31383		35.3		98.4547		48.50852		48.51		52.87396
3072		3.78655		3.78675		39.92905		12.03794		11.55363		55.1419		23.14748		23.19252		79.91934		53.9465		54		11.55363		39.87568		40		23.13955		98.40348		98.1229		55.07603		52.89067		52.80464		67.32269		35.28456		35.3		98.03125		48.5034		48.51		52.82314
3084		3.786575		3.78675		40.00441		12.10058		11.94416		55.50231		23.12385		23.15002		79.88628		53.99344		54		11.94416		39.91149		40		23.18317		98.29109		98.07443		55.20083		52.78382		52.83274		55.26621		35.28462		35.3		98.03559		48.5297		48.51		53.08633
3096		3.786814		3.78675		40.21285		12.01493		11.4804		55.12305		23.05583		23.03787		79.75558		53.93739		54		11.4804		39.87179		40		23.13269		98.40406		98.28526		55.13987		52.9941		52.85079		73.02226		35.28676		35.3		98.0699		48.51603		48.51		52.94989
3108		3.785462		3.78675		39.6323		11.96415		11.91317		55.62901		23.09416		23.11524		79.84697		53.98966		54		11.91317		39.88492		40		23.14801		98.39062		98.27794		55.03678		52.9862		52.86831		71.77659		35.30345		35.3		98.31183		48.52294		48.51		53.01945
3120		3.786205		3.78675		39.82768		12.10752		11.5145		55.34934		23.17574		23.10345		79.77263		53.94145		54		11.5145		39.88306		40		23.14464		98.2665		98.28749		54.99788		52.88921		52.82687		66.76061		35.29855		35.3		98.23588		48.49658		48.51		52.75603
3132		3.78425		3.78675		38.89312		12.32455		12.04433		55.83055		23.04465		23.15554		79.90804		54.00525		54		12.04433		39.84143		40		23.09174		98.13349		98.03898		55.05642		52.8244		52.99809		45.55197		35.28734		35.3		98.07156		48.49776		48.51		52.76799
3144		3.786695		3.78675		40.08947		12.02517		12.56953		55.86316		23.06561		23.15959		79.94429		54.06866		54		12.56953		39.86249		40		23.11689		98.16389		97.88498		54.96056		52.88403		53.00685		50.42475		35.30143		35.3		98.27444		48.50332		48.51		52.82376
3156		3.788312		3.78675		40.92599		11.95916		12.20689		55.5164		23.16273		23.13054		79.76627		54.02477		54		12.20689		39.82668		40		23.07115		98.34758		98.1824		55.06317		53.02706		52.88286		74.18842		35.29332		35.3		98.15571		48.51691		48.51		52.96
3168		3.786784		3.78675		40.1565		12.09129		12.05921		55.63276		23.03555		23.05326		79.73719		54.00683		54		12.05921		39.86258		40		23.11462		98.22244		98.13203		55.08289		52.87034		52.77805		68.47329		35.30338		35.3		98.30167		48.52133		48.51		53.00451
3180		3.786397		3.78675		40.02443		11.89936		11.89624		55.46843		23.12354		23.11414		79.71675		53.98715		54		11.89624		39.79903		40		23.03428		98.21		98.19505		55.06069		52.90165		52.84269		65.98961		35.30826		35.3		98.37262		48.50877		48.51		52.87907
3192		3.786954		3.78675		40.30693		12.07883		11.37917		55.23901		23.09127		23.08658		79.76066		53.92468		54		11.37917		39.85507		40		23.10283		98.31801		98.29333		55.0333		52.94954		52.94555		60.87818		35.30925		35.3		98.38799		48.51578		48.51		52.94954
3204		3.788604		3.78675		41.0453		12.13517		12.65094		55.87184		23.14998		23.06088		79.5825		54.07815		54		12.65094		39.83846		40		23.0809		98.1011		98.1907		55.11076		52.89455		52.9735		54.51847		35.30275		35.3		98.29386		48.53561		48.51		53.14818
3216		3.784223		3.78675		38.83231		11.87087		12.42171		55.6382		23.08567		23.02448		79.64727		54.05044		54		12.42171		39.86339		40		23.11066		98.49252		98.15389		54.99926		52.78255		53.0824		35.6581		35.30171		35.3		98.27802		48.50114		48.51		52.80363
3228		3.783991		3.78675		38.72483		12.29058		11.98543		55.64598		23.06221		23.01839		79.60462		53.99773		54		11.98543		39.84192		40		23.08259		98.28324		98.18442		55.04712		53.09182		52.98018		70.43079		35.30643		35.3		98.34783		48.50671		48.51		52.85962
3240		3.788058		3.78675		40.80042		11.94648		12.44126		55.31412		23.06511		23.0285		79.6024		54.05282		54		12.44126		39.81162		40		23.04353		98.39412		98.37543		55.083		52.93416		53.096		48.51297		35.30429		35.3		98.31675		48.51304		48.51		52.92313
3252		3.787194		3.78675		40.33732		12.0075		12.40738		56.01731		22.97168		23.0274		79.64976		54.04872		54		12.40738		39.77729		40		22.99941		98.28166		98.43848		55.02978		52.9825		53.01534		59.28399		35.29527		35.3		98.18733		48.51786		48.51		52.97173
3264		3.782866		3.78675		38.20123		11.90526		12.30865		55.73192		23.07664		23.04828		79.57551		54.03681		54		12.30865		39.81256		40		23.04192		98.51378		98.13823		54.97548		52.88925		53.11502		43.2195		35.27248		35.3		97.8608		48.50635		48.51		52.8571
3276		3.785951		3.78675		39.83986		12.18166		12.73056		55.85084		23.03776		23.04493		79.60652		54.08772		54		12.73056		39.81144		40		23.03911		98.21211		98.45639		55.21484		52.88588		52.7936		69.76712		35.29196		35.3		98.14536		48.51514		48.51		52.94516
3288		3.784076		3.78675		38.86414		12.0651		12.27647		55.47385		23.0051		23.01193		79.5723		54.03291		54		12.27647		39.82699		40		23.05705		98.51926		98.53768		55.06718		52.91935		52.87882		64.46921		35.32106		35.3		98.56131		48.51181		48.51		52.91226
3300		3.786925		3.78675		40.17941		12.18451		11.7356		55.51931		22.98221		23.03288		79.70804		53.96751		54		11.7356		39.77393		40		22.98962		98.16788		98.23429		55.06421		52.80151		52.87159		55.58794		35.30102		35.3		98.27449		48.51199		48.51		52.91429
3312		3.781381		3.78675		37.43583		12.27796		12.33836		55.96184		23.01288		22.98593		79.5291		54.04015		54		12.33836		39.7955		40		23.01496		98.28303		98.18356		55.12449		52.91319		52.96995		56.57079		35.31154		35.3		98.42772		48.52268		48.51		53.02161
3324		3.789029		3.78675		41.16052		12.08172		11.65265		55.35375		23.01336		23.01828		79.6177		53.95721		54		11.65265		39.757		40		22.96561		98.14098		98.11133		55.08945		52.79006		52.6383		74.95459		35.29733		35.3		98.21824		48.50182		48.51		52.81346
3336		3.788179		3.78675		40.77254		11.90526		12.89395		55.7384		23.0297		22.99468		79.54469		54.10721		54		12.89395		39.80871		40		23.02849		98.41293		98.46099		55.0708		52.9725		52.95286		62.35583		35.29884		35.3		98.24534		48.51485		48.51		52.94432
3348		3.791076		3.78675		42.23216		12.08633		12.01918		55.40284		22.98795		22.96318		79.46723		54.00148		54		12.01918		39.84033		40		23.06634		98.25264		98.31196		55.18107		52.99373		52.94285		65.03024		35.30406		35.3		98.32431		48.50129		48.51		52.80925
3360		3.785913		3.78675		39.75106		11.83398		12.66958		55.86599		23.02886		23.01379		79.52582		54.07997		54		12.66958		39.81621		40		23.03475		98.52028		98.1733		55.10733		52.8264		52.86308		56.69823		35.28477		35.3		98.05197		48.51602		48.51		52.95708
3372		3.787809		3.78675		40.76495		11.94295		11.89939		55.39044		22.993		23.03881		79.57215		53.98697		54		11.89939		39.78426		40		22.99344		98.36999		98.3743		55.14366		53.00293		52.92738		66.66925		35.30549		35.3		98.35249		48.51118		48.51		52.90913
3384		3.784479		3.78675		39.13769		12.00248		12.7271		55.63937		22.99528		22.97306		79.48193		54.08691		54		12.7271		39.8005		40		23.01207		98.34993		98.46598		55.1184		52.98105		52.96263		62.59493		35.29841		35.3		98.25205		48.51996		48.51		52.99735
3396		3.786616		3.78675		40.22472		12.02159		11.76608		55.50203		23.02628		23.00362		79.46231		53.97085		54		11.76608		39.78363		40		22.98944		98.23742		98.16894		55.0888		52.96934		52.92299		65.2197		35.30666		35.3		98.37407		48.51009		48.51		52.89913
3408		3.787223		3.78675		40.5771		12.23757		11.86028		55.71211		23.01761		22.95317		79.49161		53.98215		54		11.86028		39.78213		40		22.98606		98.18173		98.58481		55.19399		53.00477		53.08284		52.6278		35.30682		35.3		98.37551		48.50696		48.51		52.8683
3420		3.782761		3.78675		38.36143		12.0067		11.30415		55.00077		23.01362		23.00074		79.47546		53.91492		54		11.30415		39.7809		40		22.98295		98.44549		98.21757		55.19384		52.9234		52.79064		72.09593		35.30768		35.3		98.39197		48.52408		48.51		53.03983
3432		3.786638		3.78675		40.29058		12.1209		11.78329		55.6277		23.00991		23.04965		79.54547		53.97268		54		11.78329		39.78889		40		22.99133		98.31027		98.25336		55.15069		52.89593		53.16941		36.63746		35.29241		35.3		98.17308		48.51933		48.51		52.99279
3444		3.786959		3.78675		40.4343		12.2559		11.9032		55.69982		23.01525		22.99257		79.52162		53.98713		54		11.9032		39.79723		40		23.00019		98.07564		98.70713		55.25304		52.89911		52.89024		60.51883		35.31102		35.3		98.4409		48.51606		48.51		52.96033
3456		3.787553		3.78675		40.58209		12.00516		11.48779		55.28821		23.03614		22.96385		79.44829		53.93692		54		11.48779		39.80497		40		23.00831		98.34012		98.40511		55.1422		52.96167		52.8698		68.32385		35.31623		35.3		98.51666		48.51753		48.51		52.97537
3468		3.785045		3.78675		39.34061		11.96375		11.61245		55.21585		22.93198		23.00335		79.56837		53.95201		54		11.61245		39.80561		40		23.00759		98.28898		98.15364		55.0532		52.95401		53.04718		51.52317		35.3093		35.3		98.4173		48.4944		48.51		52.74444
3480		3.786718		3.78675		40.17456		11.8837		11.5288		54.98272		23.03681		22.95277		79.39877		53.94199		54		11.5288		39.82464		40		23.02968		98.44631		98.0495		55.01415		52.9514		53.12182		45.4017		35.2763		35.3		97.94282		48.50585		48.51		52.85939
3492		3.784809		3.78675		39.23052		11.90975		11.90753		55.28002		22.99318		22.98396		79.41115		53.98782		54		11.90753		39.75696		40		22.94384		98.48893		98.10608		54.93893		53.14499		52.89488		81.44667		35.29544		35.3		98.21996		48.52868		48.51		53.08821
3504		3.783854		3.78675		38.77123		11.91005		12.43797		55.50381		22.97362		23.01264		79.51905		54.05199		54		12.43797		39.74293		40		22.92485		98.45005		98.05289		54.8977		52.86354		52.79322		66.16734		35.29036		35.3		98.14641		48.52037		48.51		53.00542
3516		3.785326		3.78675		39.4751		11.9749		11.36183		54.82834		22.96733		23.03963		79.52024		53.92225		54		11.36183		39.79329		40		22.98599		98.29114		98.39775		54.95183		52.84814		52.81908		62.10716		35.31036		35.3		98.43555		48.52574		48.51		53.05935
3528		3.782857		3.78675		38.20487		12.15965		12.01825		55.48707		22.94627		22.96798		79.42355		54.0016		54		12.01825		39.82841		40		23.02817		98.27454		98.3434		54.98886		52.95813		52.86282		67.46568		35.30494		35.3		98.35919		48.51135		48.51		52.91571
3540		3.787214		3.78675		40.5031		11.69915		12.52264		55.43082		22.95718		23.01484		79.50745		54.06264		54		12.52264		39.79471		40		22.98468		98.41676		98.46988		55.08378		52.87421		52.92064		54.88705		35.31005		35.3		98.43868		48.53143		48.51		53.11717
3552		3.786841		3.78675		40.35288		11.83868		11.86424		55.22959		23.01013		23.03508		79.49161		53.98326		54		11.86424		39.80174		40		22.99191		98.44586		98.34974		54.98691		53.02853		53.11411		52.7445		35.30298		35.3		98.33932		48.51074		48.51		52.91082
3564		3.783012		3.78675		38.40254		11.83065		11.51001		54.95123		22.92285		22.96657		79.51799		53.94069		54		11.51001		39.87552		40		23.08233		98.27505		98.28313		54.91875		53.0113		52.88708		71.72688		35.30836		35.3		98.41467		48.50841		48.51		52.88795
3576		3.786099		3.78675		39.89794		11.6989		11.89783		55.02162		23.0103		23.03263		79.54474		53.98777		54		11.89783		39.78612		40		22.96961		98.38197		98.22013		54.825		52.9972		52.92954		65.82681		35.31351		35.3		98.48609		48.52204		48.51		53.02441
3588		3.786901		3.78675		40.30215		11.92573		12.36094		55.42808		23.00176		22.98594		79.50784		54.04385		54		12.36094		39.79928		40		22.98456		98.27224		98.27638		54.833		52.90422		52.91698		58.89267		35.29794		35.3		98.25944		48.53118		48.51		53.11624
3600		3.785794		3.78675		39.71431		11.89059		12.23367		55.73098		23.00267		23.0907		79.66763		54.02846		54		12.23367		39.81259		40		22.9998		98.38885		98.40477		54.97373		52.91811		53.07978		46.18474		35.29051		35.3		98.15218		48.52617		48.51		53.06661
3612		3.78648		3.78675		40.07997		11.96063		11.52394		55.37603		22.98139		22.97186		79.48041		53.94268		54		11.52394		39.83125		40		23.0217		98.18834		98.08427		55.049		52.96982		52.89053		68.03376		35.28787		35.3		98.11498		48.52274		48.51		53.03256
3624		3.787076		3.78675		40.32849		12.02566		12.32537		55.53155		23.00433		22.98366		79.42379		54.03953		54		12.32537		39.7826		40		22.95974		98.04984		98.15376		55.08585		52.89623		52.83945		67.52244		35.28086		35.3		98.01678		48.51153		48.51		52.92059
3636		3.788327		3.78675		41.02683		12.04736		11.51333		55.00125		22.98954		23.01455		79.55954		53.94157		54		11.51333		39.84498		40		23.03608		98.25499		98.23677		55.05588		52.81014		52.95267		49.38299		35.32133		35.3		98.6024		48.52481		48.51		53.05395
3648		3.78854		3.78675		41.20613		11.83344		11.60602		55.04652		23.05085		22.99976		79.46267		53.9529		54		11.60602		39.77378		40		22.94611		98.4074		98.53622		55.10686		52.90878		53.00988		52.97449		35.31802		35.3		98.55867		48.49926		48.51		52.79871
3660		3.784437		3.78675		39.13547		12.13921		12.16653		55.61367		23.05876		23.00913		79.43812		54.02069		54		12.16653		39.84359		40		23.0317		98.1706		98.19479		54.94562		52.94906		52.98477		58.01555		35.27662		35.3		97.96109		48.50516		48.51		52.85794
3672		3.783572		3.78675		38.72978		12.03156		11.92401		55.33579		22.92833		23.02477		79.56987		53.9915		54		11.92401		39.82197		40		23.00346		98.14706		97.92895		54.90606		52.95991		52.90654		66.40687		35.29349		35.3		98.20119		48.50069		48.51		52.81345
3684		3.784265		3.78675		39.01599		11.89487		11.85984		55.09113		23.06375		23.00504		79.51499		53.98395		54		11.85984		39.82655		40		23.00789		98.34368		98.49711		54.87752		53.02524		52.98049		65.18248		35.29562		35.3		98.22588		48.50573		48.51		52.86409
3696		3.787759		3.78675		40.76462		11.94211		12.05304		55.27799		22.97929		22.96649		79.50701		54.00743		54		12.05304		39.79558		40		22.96804		98.29262		98.40686		54.95141		53.03485		52.90564		71.55253		35.2832		35.3		98.04703		48.5178		48.51		52.98513
3708		3.786063		3.78675		39.84906		11.99624		12.03723		55.34529		23.08077		22.97543		79.41195		54.00549		54		12.03723		39.82995		40		23.00953		98.05945		98.23309		54.96721		52.98921		52.9296		65.09936		35.31077		35.3		98.43784		48.50138		48.51		52.82148
3720		3.788066		3.78675		40.97363		11.79635		12.58675		55.77945		23.01285		22.98659		79.48677		54.07184		54		12.58675		39.82635		40		23.00373		98.41999		98.54429		55.12645		52.88953		52.92752		56.57433		35.31214		35.3		98.46059		48.48917		48.51		52.69974
3732		3.787772		3.78675		40.67779		12.13964		12.13073		55.3913		22.95998		23.05694		79.59147		54.01666		54		12.13073		39.84257		40		23.02262		98.11538		98.00503		55.02621		52.88676		52.9978		50.25998		35.30172		35.3		98.305		48.52252		48.51		53.0333
3744		3.786666		3.78675		40.06133		12.05608		12.63108		55.96793		22.96098		23.05861		79.63344		54.07694		54		12.63108		39.78346		40		22.94777		98.35163		98.12125		55.00422		52.93111		53.19353		37.51082		35.31081		35.3		98.43336		48.51357		48.51		52.94411
3756		3.785005		3.78675		39.30252		11.98684		11.64066		55.2484		22.96234		22.90112		79.40917		53.95731		54		11.64066		39.83539		40		23.01114		98.35943		97.83155		54.98137		52.92878		52.89537		62.10596		35.30004		35.3		98.27851		48.50145		48.51		52.82332
3768		3.784153		3.78675		38.86825		12.12702		12.43188		55.78468		22.96816		23.0257		79.55293		54.05278		54		12.43188		39.8188		40		22.98918		98.31397		98.6736		55.23133		52.94656		53.02958		51.97534		35.31249		35.3		98.45743		48.52389		48.51		53.04806
3780		3.787786		3.78675		40.61429		12.15125		12.21365		55.26798		23.04541		22.97305		79.46056		54.02648		54		12.21365		39.79599		40		22.95948		98.23073		98.39557		55.09425		52.80967		52.93447		47.96761		35.30183		35.3		98.30374		48.51846		48.51		52.99391
3792		3.786849		3.78675		40.21532		11.95961		11.68061		55.24661		22.98499		22.98522		79.51664		53.9621		54		11.68061		39.83242		40		23.00355		98.28918		98.61508		55.11899		52.97815		52.8076		73.38862		35.30185		35.3		98.30343		48.52318		48.51		53.04131
3804		3.785209		3.78675		39.47109		12.0946		11.81892		55.34527		22.99235		23.00656		79.48517		53.97888		54		11.81892		39.83074		40		23.00015		98.16495		98.13833		54.97155		52.96812		53.01085		54.89957		35.30515		35.3		98.35203		48.51432		48.51		52.95314
3816		3.786456		3.78675		40.07403		11.96823		12.18124		55.44957		22.947		23.00482		79.57219		54.02264		54		12.18124		39.8381		40		23.008		98.32854		98.27275		54.97964		52.97211		52.91776		63.08242		35.25854		35.3		97.67869		48.495		48.51		52.76013
3828		3.786885		3.78675		40.23726		12.11488		12.51474		55.72723		22.99527		22.95514		79.4794		54.06284		54		12.51474		39.81287		40		22.97534		98.23455		98.19152		54.99662		52.84121		52.92735		50.20693		35.27037		35.3		97.84356		48.50294		48.51		52.83957
3840		3.786085		3.78675		39.70233		11.89284		11.80247		55.75321		23.00268		22.93326		79.45666		53.97664		54		11.80247		39.83717		40		23.00433		98.40025		97.81042		54.9685		53.00959		52.82955		74.33814		35.28883		35.3		98.10715		48.51304		48.51		52.94082
3852		3.784868		3.78675		38.98266		11.8981		12.26893		55.52704		22.97494		23.03522		79.63329		54.03298		54		12.26893		39.81598		40		22.97675		98.22217		98.07753		54.95119		52.9662		52.9059		65.1024		35.28479		35.3		98.04471		48.50479		48.51		52.85851
3864		3.786676		3.78675		40.01998		12.17862		11.99898		55.32739		22.99604		23.01606		79.54041		54.00036		54		11.99898		39.79989		40		22.95542		98.11738		98.38442		55.12192		53.05672		52.92221		70.5813		35.30098		35.3		98.28019		48.52357		48.51		53.04651
3876		3.787492		3.78675		40.48769		11.95061		11.50809		55.13834		22.98197		23.05063		79.57484		53.94117		54		11.50809		39.82841		40		22.98967		98.28612		98.31963		55.03202		52.86957		52.91474		56.00076		35.30408		35.3		98.32712		48.52329		48.51		53.04396
3888		3.787572		3.78675		40.56612		11.98603		11.98351		55.51539		23.02799		23.04642		79.53356		53.99851		54		11.98351		39.84803		40		23.01281		98.13463		98.22368		55.13922		53.07774		53.04511		62.18717		35.29907		35.3		98.25952		48.53141		48.51		53.12556
3900		3.790871		3.78675		42.257		11.96205		11.8111		54.79		22.98055		23.0471		79.58925		53.97776		54		11.8111		39.83771		40		22.99873		98.22452		98.73088		55.14782		52.93473		52.99209		54.58295		35.29468		35.3		98.19544		48.53037		48.51		53.11547
3912		3.788887		3.78675		41.27104		11.91278		11.88925		55.58089		23.06802		23.00347		79.4652		53.98734		54		11.88925		39.80323		40		22.95453		98.16962		98.28891		54.94268		52.91775		52.90806		59.96171		35.30528		35.3		98.34954		48.51427		48.51		52.9547
3924		3.784864		3.78675		39.28783		11.89638		11.33665		54.87814		22.92811		22.98498		79.50092		53.92075		54		11.33665		39.83431		40		22.99195		98.44926		97.93388		54.87953		52.95679		53.00521		54.92352		35.31439		35.3		98.48286		48.51947		48.51		53.00693
