Trend data for Model:	
Model time base:		1
Plot duration (secs):		94

Plot information - trends












Plot information - trajectories














Tag-names		24_PC1024:Measurement		24_PC1024:InternalSetpoint		24_PC1024:ControllerOutput		24_FC1005:Measurement		24_FC1005:InternalSetpoint		24_FC1005:ControllerOutput		24_FC1019:Measurement		24_FC1019:InternalSetpoint		24_FC1019:ControllerOutput		24_LC1016:Measurement		24_LC1016:InternalSetpoint		24_LC1016:ControllerOutput		24_LC1015:Measurement		24_LC1015:InternalSetpoint		24_LC1015:ControllerOutput		24_FC1015:Measurement		24_FC1015:InternalSetpoint		24_FC1015:ControllerOutput		24_LC1028:Measurement		24_LC1028:InternalSetpoint		24_LC1028:ControllerOutput		24_TC1015:Measurement		24_TC1015:InternalSetpoint		24_TC1015:ControllerOutput		24_TC1088:Measurement		24_TC1088:InternalSetpoint		24_TC1088:ControllerOutput
Units		barg		barg		%		t/h		t/h		%		t/h		t/h		%		%		%		t/h		%		%		t/h		t/h		t/h		%		%		%		%		C		C		t/h		C		C		%
Legend titles																																																						
0		3.788591		3.78675		40.26914		11.98095		11.93585		54		23.03056		23.0245		79.52148		53.98228		54		11.93585		40.0258		40		23.0245		98.22828		98.40504		54.93191		52.80363		52.90595		62.65106		35.31006		35.3		98.40504		48.52017		48.51		52.90595
1		3.789026		3.78675		40.52387		11.2463		12.01284		54.34377		22.98428		23.06708		79.58666		53.99162		54		12.01284		39.99		40		22.93537		98.61018		98		54.78923		52.90029		52.81261		61.83264		35.31916		35.3		98.53688		48.51573		48.51		52.86161
2		3.785767		3.78675		38.95222		11.5635		12.22792		54.7952		22.99492		22.97209		79.50656		54.01761		54		12.22792		40.02869		40		23.03179		98.43434		98		54.716		52.98198		52.90216		61.33414		35.30619		35.3		98.35124		48.51321		48.51		52.83637
3		3.785374		3.78675		38.74688		11.75704		12.04779		55.07073		23.01931		23.06452		79.56802		53.99586		54		12.04779		39.96634		40		22.87654		98.21522		98		54.68569		52.98131		52.79011		71.23203		35.29833		35.3		98.23809		48.51447		48.51		52.84907
4		3.789111		3.78675		40.65935		11.7595		12.29822		55.48401		22.87714		23.01879		79.61145		54.02609		54		12.29822		39.97529		40		22.89881		98.16426		98		54.6589		52.96631		52.94386		56.95894		35.31463		35.3		98.47394		48.51828		48.51		52.88717
5		3.786767		3.78675		39.53831		11.82248		11.63583		55.00295		23.02496		22.94572		79.37633		53.94616		54		11.63583		40.04306		40		23.06757		98.14534		98		54.63578		52.97865		52.88393		63.44449		35.33398		35.3		98.75495		48.54728		48.51		53.17724
6		3.786815		3.78675		39.57277		12.08114		11.46049		54.8518		22.99959		22.884		79.27513		53.925		54		11.46049		40.03308		40		23.04272		97.98398		98		54.64895		53.11781		52.80549		82.39497		35.30621		35.3		98.35541		48.51865		48.51		52.89094
7		3.788793		3.78675		40.60252		11.79224		10.97504		54.54237		23.0487		23.00661		79.27035		53.86642		54		10.97504		40.01178		40		22.98963		98.13784		98		54.61819		53.08511		52.77247		82.83606		35.32892		35.3		98.68407		48.50144		48.51		52.71894
8		3.784497		3.78675		38.49313		11.8063		12.02322		54.94419		22.95195		22.79639		79.1336		53.99304		54		12.02322		39.97684		40		22.9026		98.24414		98		54.57081		52.98481		52.85577		67.29715		35.31712		35.3		98.51556		48.53276		48.51		53.03219
9		3.786821		3.78675		39.60835		11.83121		12.04241		55.12842		22.8637		23.00661		79.48376		53.99537		54		12.04241		40.0109		40		22.98741		98.09182		98		54.56321		52.92145		52.78776		67.79698		35.29276		35.3		98.16413		48.50529		48.51		52.75749
10		3.791461		3.78675		42.02713		11.75583		11.61067		54.95763		22.99897		22.98054		79.40224		53.94327		54		11.61067		40.02126		40		23.01326		98.1165		98		54.54692		52.89323		52.76977		67.22041		35.30843		35.3		98.3905		48.52286		48.51		52.93325
11		3.787		3.78675		39.82996		12.00289		11.28443		54.76487		22.98291		22.84571		79.23079		53.90389		54		11.28443		39.99812		40		22.9556		97.96128		98		54.55872		52.86981		52.83832		59.37632		35.31378		35.3		98.46839		48.50409		48.51		52.74548
12		3.784605		3.78675		38.62902		11.81653		11.65762		54.9745		22.94955		22.99486		79.46173		53.94898		54		11.65762		40.00092		40		22.96263		98.11536		98		54.52705		52.85897		52.66713		73.32963		35.31297		35.3		98.45676		48.51922		48.51		52.89685
13		3.790288		3.78675		41.4774		11.87381		12.90944		55.55029		22.98422		23.01206		79.47692		54.10017		54		12.90944		39.9641		40		22.87095		97.92136		98		54.55054		52.88689		52.71964		71.29865		35.31202		35.3		98.44263		48.50407		48.51		52.74534
14		3.787971		3.78675		40.40668		11.84975		12.19189		54.97908		22.90415		22.87418		79.39132		54.01358		54		12.19189		40.01727		40		23.00334		98.11889		98		54.52031		52.8737		52.73056		69.44569		35.31883		35.3		98.54213		48.50521		48.51		52.75671
15		3.786678		3.78675		39.73378		11.82973		12.10847		55.07789		23.03416		23.03697		79.47152		54.00352		54		12.10847		39.95723		40		22.85386		98.06373		98		54.51063		52.82066		52.79994		58.91523		35.29774		35.3		98.23857		48.51039		48.51		52.80856
16		3.789494		3.78675		41.16757		11.88069		11.35487		54.94827		22.94031		22.86637		79.35684		53.91251		54		11.35487		40.03496		40		23.04741		97.99509		98		54.51594		52.88728		52.7549		68.64172		35.31318		35.3		98.46108		48.52385		48.51		52.94318
17		3.788205		3.78675		40.59416		11.98878		11.88284		55.36043		23.04186		22.86413		79.26861		53.97625		54		11.88284		39.98193		40		22.91535		97.97844		98		54.52742		52.89544		52.87719		58.81004		35.29828		35.3		98.24799		48.50819		48.51		52.78664
18		3.783266		3.78675		38.09247		11.90506		12.09043		55.26436		22.88267		22.93281		79.45016		54.00137		54		12.09043		40.01969		40		23.00937		98.04946		98		54.51302		52.90395		52.93747		54.45768		35.27739		35.3		97.94738		48.49762		48.51		52.68089
19		3.789125		3.78675		41.0215		12.03257		11.96288		55.1828		23.07215		22.94036		79.29043		53.98598		54		11.96288		40.01342		40		22.99378		97.922		98		54.53804		52.86197		52.80159		62.72116		35.29786		35.3		98.24139		48.4876		48.51		52.58068
20		3.787794		3.78675		40.38825		11.96385		11.78349		55.07674		22.94068		22.81513		79.2986		53.96433		54		11.78349		39.95348		40		22.84453		98.01169		98		54.53036		52.71736		52.69865		59.23145		35.29976		35.3		98.26954		48.50783		48.51		52.78301
21		3.786621		3.78675		39.80126		11.86881		11.61467		55.00276		22.88341		23.06578		79.60594		53.94397		54		11.61467		39.96584		40		22.87531		98.02973		98		54.52017		52.7935		52.68257		66.93793		35.29883		35.3		98.25659		48.50803		48.51		52.78506
22		3.787732		3.78675		40.38918		12.01357		11.91		55.22611		22.95795		22.969		79.45264		53.97963		54		11.91		40.02808		40		23.03028		97.91958		98		54.5447		52.77322		52.9111		45.38629		35.30694		35.3		98.3741		48.5231		48.51		52.9358
23		3.787736		3.78675		40.42262		11.72814		12.10698		55.26525		23.03461		23.08732		79.4888		54.00346		54		12.10698		39.97638		40		22.90156		98.0968		98		54.51398		52.84873		52.75192		65.59326		35.3247		35.3		98.63089		48.5162		48.51		52.86678
24		3.783306		3.78675		38.22128		11.88059		12.19923		55.25429		22.91358		22.9828		79.44135		54.01463		54		12.19923		40.00811		40		22.98055		98.05187		98		54.50238		52.89701		52.7899		66.57945		35.2807		35.3		97.9974		48.52082		48.51		52.91304
25		3.789412		3.78675		41.24524		11.86803		11.12101		54.73999		22.98224		23.19014		79.64892		53.88446		54		11.12101		40.04036		40		23.06093		97.93864		98		54.51515		52.98859		52.90473		64.80668		35.29115		35.3		98.14677		48.5202		48.51		52.90685
26		3.789432		3.78675		41.32708		11.81188		11.35104		54.55321		23.05389		23.09904		79.53487		53.9123		54		11.35104		40.00438		40		22.9714		98.11136		98		54.48735		53.02527		53.01308		58.72743		35.30567		35.3		98.35646		48.51116		48.51		52.81653
27		3.783831		3.78675		38.53389		11.58552		11.49583		54.91061		23.00691		23.02379		79.47827		53.9298		54		11.49583		39.98741		40		22.92916		98.26883		98		54.42972		52.97232		52.8295		70.29223		35.29291		35.3		98.17397		48.52948		48.51		52.99976
28		3.78823		3.78675		40.67576		11.9445		12.38458		55.39807		22.97426		22.98089		79.44114		54.03714		54		12.38458		40.0324		40		23.0412		97.83727		98		54.48814		52.93993		52.90685		61.03314		35.29155		35.3		98.15269		48.50431		48.51		52.7481
29		3.788233		3.78675		40.75453		11.82756		12.08191		55.36785		23.04054		22.99945		79.40575		54.0006		54		12.08191		40.00354		40		22.96936		98.09201		98		54.45153		52.92319		52.82106		67.17396		35.32168		35.3		98.58714		48.51583		48.51		52.86333
30		3.78498		3.78675		39.10259		11.89304		11.93363		55.36147		22.96526		23.00293		79.47875		53.98271		54		11.93363		39.99163		40		22.93973		97.97205		98		54.46168		52.8498		52.77051		65.33054		35.30217		35.3		98.30589		48.49224		48.51		52.62738
31		3.78841		3.78675		40.8269		12.05589		12.32809		55.51967		22.98078		22.95966		79.40792		54.03035		54		12.32809		40.04951		40		23.08386		97.86169		98		54.49408		52.80794		52.64873		72.29949		35.3121		35.3		98.44842		48.51295		48.51		52.83451
32		3.787361		3.78675		40.31231		12.09687		13.16285		56.04991		23.02819		22.96643		79.34918		54.13113		54		13.16285		40.05573		40		23.09938		97.86981		98		54.51814		52.77009		52.79946		55.87068		35.29486		35.3		98.19963		48.51062		48.51		52.81121
33		3.78492		3.78675		39.06787		12.18451		12.23677		55.50528		22.98521		22.8621		79.25972		54.0193		54		12.23677		40.0061		40		22.97582		98.39647		100		55.14126		52.79851		52.91267		48.34902		35.29829		35.3		98.24846		48.51023		48.51		52.80739
34		3.788056		3.78675		40.64182		11.91191		11.02423		54.87354		22.9527		23.02258		79.43409		53.8729		54		11.02423		40.00475		40		22.97246		98.51729		100		55.42565		52.79318		52.8184		55.91901		35.30174		35.3		98.29718		48.51787		48.51		52.88375
35		3.790161		3.78675		41.75081		12.14346		11.09455		55.05687		22.91592		23.05219		79.57615		53.88138		54		11.09455		40.07918		40		23.1579		98.6141		100		55.68235		52.87796		52.69896		73.58383		35.30327		35.3		98.32009		48.50989		48.51		52.80396
36		3.784026		3.78675		38.70949		11.8427		11.89734		55.38537		23.07157		23.07889		79.47805		53.97835		54		11.89734		40.01688		40		23.0028		99.04638		100		55.83779		52.86213		52.76618		66.55133		35.29623		35.3		98.21947		48.50721		48.51		52.77719
37		3.789445		3.78675		41.37879		11.97231		12.03209		55.77681		22.96993		22.91278		79.35704		53.99459		54		12.03209		40.0586		40		23.10672		98.79422		100		56.08094		52.89616		52.79127		67.54951		35.31937		35.3		98.55358		48.51051		48.51		52.81016
38		3.788075		3.78675		40.77443		12.03396		11.7923		55.50596		23.01531		22.92977		79.3253		53.96566		54		11.7923		39.98864		40		22.93251		99.02658		100		56.24657		52.91244		52.8266		66.04618		35.32682		35.3		98.66299		48.51339		48.51		52.83897
39		3.783632		3.78675		38.51141		11.97406		12.49862		55.93885		22.85805		22.80616		79.27731		54.05095		54		12.49862		40.01044		40		22.98676		99.15775		100		56.39627		52.83166		52.73192		67.32956		35.28345		35.3		98.03858		48.5151		48.51		52.85612
40		3.788254		3.78675		40.8257		12.18538		12.55653		56.03196		22.99481		22.98185		79.37657		54.05792		54		12.55653		40.02403		40		23.02064		99.04568		100		56.58404		52.87484		52.83086		62.54149		35.32203		35.3		98.59444		48.52536		48.51		52.95873
41		3.791472		3.78675		42.51472		12.15677		11.92865		55.69731		22.94942		22.95846		79.37188		53.9821		54		11.92865		39.96241		40		22.86717		99.20304		100		56.73282		52.87453		52.9022		56.35994		35.30961		35.3		98.41708		48.53087		48.51		53.01395
42		3.785823		3.78675		39.69844		12.06514		11.86117		55.33463		22.88161		22.93399		79.41958		53.97399		54		11.86117		40.054		40		23.09526		99.33524		100		56.84762		52.98744		52.7533		78.90805		35.28767		35.3		98.10205		48.52009		48.51		52.90626
43		3.78955		3.78675		41.56569		11.95324		12.23805		55.6969		23.0664		22.90569		79.22723		54.01949		54		12.23805		40.03293		40		23.04282		99.37535		100		56.96005		52.99243		52.89847		67.18221		35.31278		35.3		98.46394		48.52144		48.51		52.9197
44		3.789817		3.78675		41.77604		11.99163		11.84565		55.37569		22.89502		22.90265		79.33992		53.97213		54		11.84565		40.02636		40		23.02644		99.48569		100		57.05035		52.98915		52.84542		71.83958		35.30962		35.3		98.42028		48.5196		48.51		52.90134
45		3.784986		3.78675		39.33213		11.89471		12.20196		55.67795		22.98301		23.02825		79.40321		54.01516		54		12.20196		40.0015		40		22.96455		99.65041		100		57.09887		52.9894		53.04198		55.02564		35.29163		35.3		98.16148		48.5211		48.51		52.9164
46		3.785993		3.78675		39.83184		12.0388		11.51621		55.30859		22.97577		22.89047		79.26973		53.93236		54		11.51621		40.01422		40		22.99627		99.46699		100		57.217		52.97278		52.95977		60.87559		35.29988		35.3		98.28051		48.49333		48.51		52.63878
47		3.786524		3.78675		40.1334		11.87892		12.14614		55.32072		22.98457		22.9846		79.39114		54.00849		54		12.14614		40.00937		40		22.98422		99.73829		100		57.25128		52.86844		52.63721		79.95465		35.32008		35.3		98.57253		48.50315		48.51		52.73688
48		3.784806		3.78675		39.25385		11.88524		11.15221		54.97404		22.97837		22.96851		79.36769		53.88847		54		11.15221		40.01965		40		23.00981		99.75047		100		57.29868		52.65446		53.04443		26.19854		35.28777		35.3		98.10714		48.5242		48.51		52.94753
49		3.787401		3.78675		40.54696		11.72142		11.86664		55.17013		22.98856		23.05891		79.50271		53.9748		54		11.86664		39.98818		40		22.9315		99.8116		100		57.32902		52.71074		52.678		62.20998		35.31266		35.3		98.46559		48.50333		48.51		52.73881
50		3.787288		3.78675		40.50418		11.66995		11.57916		54.9669		22.93253		22.95594		79.44589		53.94015		54		11.57916		40.04861		40		23.08201		99.90631		100		57.34161		52.75959		52.75348		59.7893		35.30092		35.3		98.2961		48.52168		48.51		52.92234
51		3.785097		3.78675		39.38954		11.74875		11.56873		54.98809		23.07169		22.99338		79.29399		53.93892		54		11.56873		39.96955		40		22.88508		99.82425		100		57.37971		52.82363		52.73991		66.56894		35.29566		35.3		98.22057		48.52673		48.51		52.97283
52		3.788557		3.78675		41.16011		11.71086		12.09904		55.18179		22.86027		22.89605		79.33918		54.00301		54		12.09904		39.96231		40		22.86701		99.87176		100		57.39777		52.87367		53.04276		44.66654		35.31823		35.3		98.54585		48.49986		48.51		52.70416
53		3.78676		3.78675		40.26695		11.58292		12.44735		55.40087		22.93986		22.90163		79.29118		54.04512		54		12.44735		39.99058		40		22.93735		100.0542		100		57.37353		52.90288		52.87227		62.21386		35.29028		35.3		98.14288		48.50597		48.51		52.76523
54		3.785404		3.78675		39.58658		11.83162		12.01507		55.29805		22.93016		23.07988		79.50009		53.99294		54		12.01507		40.02326		40		23.01875		99.85119		100		57.42378		52.82327		52.98646		45.61317		35.30093		35.3		98.29556		48.50432		48.51		52.74872
55		3.787619		3.78675		40.66804		11.71766		11.9423		55.34384		22.97054		22.93374		79.3201		53.98418		54		11.9423		40.01949		40		23.00938		99.8471		100		57.45397		52.79441		53.0562		36.93288		35.29708		35.3		98.24012		48.50526		48.51		52.75815
56		3.789433		3.78675		41.59285		11.73498		11.75871		55.13383		22.94491		22.8869		79.30967		53.96206		54		11.75871		40.01216		40		22.99116		99.91843		100		57.46503		52.72863		52.67543		63.8877		35.31938		35.3		98.56181		48.50445		48.51		52.75013
57		3.785157		3.78675		39.4706		11.79973		11.67946		54.82123		22.989		22.97991		79.35032		53.95257		54		11.67946		40.00076		40		22.96276		99.91611		100		57.48591		52.6738		52.87361		41.88031		35.28753		35.3		98.10296		48.5184		48.51		52.88958
58		3.785596		3.78675		39.6501		11.4967		11.25655		54.62917		22.93876		22.92597		79.31652		53.90156		54		11.25655		40.0324		40		23.04152		100.0491		100		57.46217		52.74994		52.89199		46.63953		35.30613		35.3		98.37064		48.50221		48.51		52.72775
59		3.786437		3.78675		40.09451		11.67951		11.59677		54.66313		23.00776		22.94055		79.29999		53.94271		54		11.59677		40.00195		40		22.96573		99.98756		100		57.4669		52.80533		52.89859		50.88408		35.29345		35.3		98.18728		48.52111		48.51		52.91675
60		3.786649		3.78675		40.18116		11.57759		11.54883		54.74101		22.98784		22.97982		79.35104		53.93697		54		11.54883		39.97153		40		22.88998		100.0516		100		57.45066		52.8307		52.84381		57.60607		35.28385		35.3		98.0486		48.52443		48.51		52.94996
61		3.787241		3.78675		40.46565		11.53062		11.75329		54.81311		22.89376		22.90265		79.39201		53.96172		54		11.75329		39.94146		40		22.81508		100.1424		100		57.42374		52.93099		52.84643		66.01605		35.31402		35.3		98.4827		48.53307		48.51		53.03645
62		3.787989		3.78675		40.81881		11.54549		11.48284		54.72788		22.92387		22.9094		79.39074		53.92912		54		11.48284		39.92618		40		22.77702		99.9766		100		57.44558		52.97633		52.79984		74.1962		35.30964		35.3		98.41984		48.5308		48.51		53.01374
63		3.788282		3.78675		40.9968		11.59427		11.13013		54.36504		22.94019		23.02305		79.55417		53.88661		54		11.13013		39.94754		40		22.83023		100.0013		100		57.44768		53.064		52.90093		73.40177		35.30543		35.3		98.36038		48.52792		48.51		52.98499
64		3.785861		3.78675		39.78871		11.34688		11.72491		54.44203		23.00699		23.03666		79.50638		53.95854		54		11.72491		40.00765		40		22.97992		100.176		100		57.40252		53.02253		52.66358		90.69985		35.28853		35.3		98.11724		48.51824		48.51		52.88822
65		3.787833		3.78675		40.78074		11.53347		11.21664		54.09525		23.07748		22.90341		79.26989		53.89725		54		11.21664		40.06114		40		23.11314		100.0904		100		57.3864		53.00938		52.66196		90.1324		35.30226		35.3		98.31521		48.50671		48.51		52.77288
66		3.789252		3.78675		41.48084		11.44699		11.59989		54.26308		23.02965		23.02918		79.42498		53.9436		54		11.59989		39.98841		40		22.93207		100.0955		100		57.37834		52.8729		52.72422		73.25086		35.31331		35.3		98.47547		48.52229		48.51		52.92878
67		3.786278		3.78675		40.02477		11.27677		11.41545		54.15937		22.91768		22.88358		79.31317		53.92142		54		11.41545		40.0025		40		22.9671		100.2191		100		57.33279		52.79391		52.79374		60.31465		35.30376		35.3		98.33874		48.51392		48.51		52.84511
68		3.787713		3.78675		40.73592		11.38734		11.31684		54.0872		22.98467		22.8863		79.22992		53.9096		54		11.31684		40.02009		40		23.01087		100.0862		100		57.32107		52.77869		52.97774		43.32976		35.28965		35.3		98.1355		48.51416		48.51		52.8475
69		3.785912		3.78675		39.83643		11.27406		10.07822		53.25049		22.93741		22.71891		79.06711		53.76016		54		10.07822		39.97731		40		22.90427		100.1975		100		57.27371		52.79876		52.71686		67.3991		35.28854		35.3		98.11839		48.51511		48.51		52.85702
70		3.787389		3.78675		40.55062		11.06364		11.15291		53.7897		22.89233		23.00553		79.44727		53.89004		54		11.15291		40.00852		40		22.98202		100.3551		100		57.19385		52.84911		52.71308		72.12034		35.29142		35.3		98.15986		48.51088		48.51		52.81471
71		3.790163		3.78675		41.9307		11.18217		11.21817		53.80728		22.94686		22.88842		79.28509		53.89803		54		11.21817		40.01811		40		23.00589		100.1681		100		57.1791		52.83607		52.96686		49.25987		35.29901		35.3		98.26901		48.52123		48.51		52.91822
72		3.783674		3.78675		38.71496		11.1474		11.46149		54.06138		23.00264		22.75636		79.01842		53.92751		54		11.46149		39.94434		40		22.82211		100.3073		100		57.10931		52.8972		52.85484		64.15321		35.28972		35.3		98.13465		48.50488		48.51		52.75472
73		3.78493		3.78675		39.24113		11.18225		11.61802		54.28478		22.83883		22.92999		79.36264		53.9465		54		11.61802		39.99366		40		22.94489		100.1222		100		57.09544		52.82934		52.82622		60.94042		35.2598		35.3		97.70149		48.51261		48.51		52.83208
74		3.788119		3.78675		40.85311		11.48839		11.39815		54.14994		22.98714		23.05326		79.42194		53.92002		54		11.39815		40.0162		40		23.00106		99.89688		100		57.1315		52.76583		52.94097		45.57856		35.29817		35.3		98.25244		48.52164		48.51		52.92236
75		3.785466		3.78675		39.5462		11.25955		11.19535		53.94274		22.9729		22.99183		79.40115		53.89564		54		11.19535		40.00765		40		22.9798		100.2651		100		57.0613		52.78435		52.72587		65.68245		35.28548		35.3		98.06931		48.51348		48.51		52.84073
76		3.787932		3.78675		40.7282		11.17828		11.16297		53.72295		22.95998		22.91102		79.29015		53.89187		54		11.16297		39.97916		40		22.9088		100.1093		100		57.05939		52.85927		52.79956		65.85314		35.28464		35.3		98.05577		48.50242		48.51		52.73018
77		3.789362		3.78675		41.46129		11.28358		11.10137		53.68188		22.89792		22.92369		79.37395		53.88453		54		11.10137		40.04783		40		23.07981		99.99596		100		57.06651		52.85243		52.84663		61.33426		35.30523		35.3		98.35222		48.51535		48.51		52.85948
78		3.786845		3.78675		40.25008		11.01554		11.0285		53.4748		23.01293		22.95231		79.31247		53.87587		54		11.0285		40.03848		40		23.05657		100.2412		100		57.00732		52.81758		52.68075		72.67157		35.30833		35.3		98.39669		48.51394		48.51		52.84529
79		3.786094		3.78675		39.85131		11.1507		11.0005		53.65176		23.01452		22.93071		79.2916		53.87257		54		11.0005		39.96988		40		22.88575		100.1802		100		56.96825		52.83296		52.93223		52.28784		35.29519		35.3		98.20719		48.50266		48.51		52.7325
80		3.787517		3.78675		40.55428		11.1238		10.94717		53.76452		22.91355		22.91987		79.38514		53.86623		54		10.94717		39.98922		40		22.9339		100.1266		100		56.94998		52.80511		52.75049		65.68662		35.30063		35.3		98.2853		48.50656		48.51		52.77154
81		3.786116		3.78675		39.8684		11.14274		11.70547		54.01632		22.99739		22.87776		79.25561		53.95792		54		11.70547		39.9719		40		22.89076		100.1246		100		56.92796		52.7679		52.83996		54.66586		35.298		35.3		98.24716		48.51207		48.51		52.82665
82		3.78398		3.78675		38.77299		11.10929		11.18614		53.87134		22.90446		23.00781		79.51476		53.89531		54		11.18614		39.97024		40		22.88665		100.1984		100		56.88696		52.79614		52.7197		67.33685		35.28601		35.3		98.07378		48.52252		48.51		52.93113
83		3.787199		3.78675		40.36227		11.1124		11.0469		53.69284		22.99527		23.06954		79.52415		53.87862		54		11.0469		39.99949		40		22.9595		100.0734		100		56.88757		52.83659		52.82575		61.71963		35.29858		35.3		98.25383		48.51259		48.51		52.83189
84		3.786427		3.78675		39.99392		11.05594		10.92416		53.38419		23.02191		22.95801		79.38542		53.86395		54		10.92416		40.00906		40		22.98337		100.1804		100		56.84486		52.80177		52.77869		62.85701		35.30798		35.3		98.38903		48.50008		48.51		52.70678
85		3.786549		3.78675		40.03007		10.86298		11.21948		53.45363		22.94095		23.0074		79.52636		53.89976		54		11.21948		39.99622		40		22.95143		100.2774		100		56.78485		52.79504		52.72634		66.85681		35.2716		35.3		97.86321		48.50882		48.51		52.79414
86		3.78705		3.78675		40.2702		10.97191		10.92519		53.4785		22.93443		23.04813		79.55982		53.86434		54		10.92519		39.93245		40		22.79261		100.1112		100		56.77715		52.7928		52.75011		64.54538		35.30333		35.3		98.31911		48.51064		48.51		52.81235
87		3.787547		3.78675		40.53128		11.09324		10.73365		53.2552		22.86131		22.97211		79.55242		53.84134		54		10.73365		39.97806		40		22.90617		100.094		100		56.7592		52.8051		53.0378		40.68852		35.28382		35.3		98.03767		48.51351		48.51		52.84106
88		3.788765		3.78675		41.16047		10.80746		10.35146		53.14288		23.03993		22.90805		79.30636		53.79532		54		10.35146		40.05148		40		23.08898		100.1581		100		56.73297		52.81077		52.83343		58.69284		35.31681		35.3		98.51285		48.49166		48.51		52.62253
89		3.78722		3.78675		40.43123		11.08394		10.69366		53.28013		22.9791		22.869		79.32164		53.83676		54		10.69366		39.94291		40		22.81864		100.076		100		56.72734		52.81802		52.7592		65.81029		35.29242		35.3		98.16181		48.49699		48.51		52.67581
90		3.782881		3.78675		38.19844		10.94984		10.9902		53.30563		22.85305		22.98866		79.58042		53.87272		54		10.9902		39.9589		40		22.85848		100.1909		100		56.6834		52.67272		52.89177		41.54645		35.27589		35.3		97.92204		48.52225		48.51		52.92854
91		3.790344		3.78675		41.9013		11.01775		11.25577		53.5116		22.94739		22.7726		79.22768		53.9049		54		11.25577		40.00979		40		22.98513		99.92035		100		56.71211		52.7502		52.83707		52.64269		35.28585		35.3		98.06343		48.51517		48.51		52.85768
92		3.788285		3.78675		40.96886		10.93364		10.85072		53.1095		22.92494		22.94125		79.40646		53.85614		54		10.85072		40.07769		40		23.15424		100.2157		100		56.6556		52.76006		52.72022		63.39288		35.3095		35.3		98.40451		48.51514		48.51		52.85742
93		3.785756		3.78675		39.68162		10.83994		11.55238		53.49627		23.07924		23.00521		79.30891		53.94101		54		11.55238		39.97978		40		22.91044		100.2669		100		56.60185		52.82154		52.84068		58.33076		35.2669		35.3		97.79078		48.50671		48.51		52.77315
94		3.789192		3.78675		41.3639		10.88985		10.99333		53.30084		22.87613		22.85644		79.32251		53.87364		54		10.99333		39.96434		40		22.87196		100.0223		100		56.61108		52.88265		52.87969		60.16293		35.27551		35.3		97.9129		48.50822		48.51		52.7883
