Trend data for Model:	
Model time base:		1
Plot duration (secs):		380

Plot information - trends












Plot information - trajectories














Tag-names		24_PC1024:Measurement		24_PC1024:InternalSetpoint		24_PC1024:ControllerOutput		24_FC1005:Measurement		24_FC1005:InternalSetpoint		24_FC1005:ControllerOutput		24_FC1019:Measurement		24_FC1019:InternalSetpoint		24_FC1019:ControllerOutput		24_LC1016:Measurement		24_LC1016:InternalSetpoint		24_LC1016:ControllerOutput		24_LC1015:Measurement		24_LC1015:InternalSetpoint		24_LC1015:ControllerOutput		24_FC1015:Measurement		24_FC1015:InternalSetpoint		24_FC1015:ControllerOutput		24_LC1028:Measurement		24_LC1028:InternalSetpoint		24_LC1028:ControllerOutput		24_TC1015:Measurement		24_TC1015:InternalSetpoint		24_TC1015:ControllerOutput		24_TC1088:Measurement		24_TC1088:InternalSetpoint		24_TC1088:ControllerOutput
Units		barg		barg		%		t/h		t/h		%		t/h		t/h		%		%		%		t/h		%		%		t/h		t/h		t/h		%		%		%		%		C		C		t/h		C		C		%
Legend titles																																																						
0		3.788591		3.8		40.26914		11.98095		11.93585		54		23.03056		23.0245		79.52148		53.98228		54		11.93585		40.0258		40		23.0245		98.22828		98.40504		54.93191		52.80363		52.70587		62.65106		35.31006		35.3		98.40504		48.52017		48.51		52.70587
1		3.798841		3.8		38.56437		11.43381		11.86629		54.48705		23.01554		22.99373		79.44999		53.97387		54		11.86629		39.95883		40		22.85772		98.3419		98.93883		55.10961		52.82966		52.72955		62.98221		35.34662		35.3		98.93339		48.50802		48.51		52.78454
2		3.800405		3.8		39.41173		11.58056		11.46705		54.29811		22.93545		22.93849		79.445		53.92573		54		11.46705		39.99229		40		22.94104		98.65754		99.82966		55.411		52.8154		52.93184		43.60968		35.37629		35.3		99.3694		48.52615		48.51		52.96584
3		3.794761		3.8		36.46966		11.45155		11.11762		54.20859		23.04733		22.90136		79.24818		53.8836		54		11.11762		39.95748		40		22.85431		98.89428		99.33337		55.40324		52.90244		52.91007		52.2938		35.35973		35.3		99.13849		48.54267		48.51		53.13118
4		3.798585		3.8		38.30429		11.53034		10.79276		53.64708		22.86552		23.03704		79.55033		53.84449		54		10.79276		39.97395		40		22.89531		98.63591		99.594		55.60857		52.98227		53.07056		44.57689		35.38143		35.3		99.45872		48.53724		48.51		53.07708
5		3.797824		3.8		37.96825		11.41998		11.94421		54.03517		22.99767		22.85052		79.16685		53.98364		54		11.94421		39.9356		40		22.79968		99.20103		99.70619		55.69928		53.16156		53.1021		57.22748		35.40118		35.3		99.75356		48.54721		48.51		53.17693
6		3.798781		3.8		38.35091		11.23112		9.882963		52.99537		22.91101		22.79572		79.10142		53.73484		54		9.882963		39.94376		40		22.8199		99.29299		99.34715		55.6817		53.32232		53.21117		62.13443		35.42304		35.3		100.0771		48.56702		48.51		53.37532
7		3.802693		3.8		40.32863		11.2053		10.68329		52.97431		22.93795		22.94006		79.22024		53.83164		54		10.68329		39.94391		40		22.82021		99.33726		100.101		55.92778		53.43362		53.3056		64.34105		35.40579		35.3		99.83895		48.54374		48.51		53.14279
8		3.799122		3.8		38.58016		10.97085		10.31045		52.58673		22.88579		22.88269		79.16658		53.78677		54		10.31045		39.92163		40		22.76458		99.52891		100.1817		56.00709		53.36937		53.4503		47.85413		35.40547		35.3		99.84545		48.55833		48.51		53.28904
9		3.799701		3.8		38.83382		10.82007		10.44253		52.274		22.85705		22.8306		79.1311		53.80292		54		10.44253		39.90592		40		22.72536		99.74205		99.92853		55.95783		53.36475		53.35422		56.1902		35.39719		35.3		99.73634		48.56652		48.51		53.37131
10		3.801667		3.8		39.84558		10.67885		11.10226		52.75302		22.89682		22.91039		79.12393		53.88273		54		11.10226		39.91629		40		22.75105		99.78903		100.0801		56.00466		53.40616		53.47665		49.36349		35.41035		35.3		99.93648		48.5505		48.51		53.21151
11		3.802719		3.8		40.395		10.59281		10.85756		52.5149		22.84572		22.83338		79.08678		53.85338		54		10.85756		39.98165		40		22.91373		99.98495		99.92854		55.94301		53.34103		53.40066		50.39522		35.41723		35.3		100.0461		48.60604		48.51		53.76734
12		3.799749		3.8		38.94339		10.59643		10.67141		52.47932		22.95986		22.75383		78.81075		53.83107		54		10.67141		39.9482		40		22.83028		99.94235		99.87969		55.94965		53.40498		53.31459		62.11604		35.43471		35.3		100.3092		48.58413		48.51		53.54859
13		3.798017		3.8		38.05911		10.54734		10.77162		52.39736		22.80305		22.6787		78.78045		53.84337		54		10.77162		39.94136		40		22.81308		100.0792		99.58458		55.85837		53.54944		53.32104		74.69334		35.39398		35.3		99.73252		48.5686		48.51		53.3937
14		3.8015		3.8		39.8126		10.53689		10.17751		51.92164		22.8645		22.78599		78.72063		53.77184		54		10.17751		39.92121		40		22.76269		99.83438		99.89079		55.95427		53.50463		53.44081		61.69162		35.41265		35.3		100.0122		48.57274		48.51		53.43554
15		3.800824		3.8		39.52498		10.35278		10.45993		52.18581		22.7645		22.7312		78.74301		53.80613		54		10.45993		39.90459		40		22.72113		100.2833		100.0552		55.90861		53.45118		53.30108		69.20287		35.38609		35.3		99.64027		48.5734		48.51		53.44255
16		3.800039		3.8		39.11257		10.464		9.849511		51.5406		22.82708		22.92369		78.92471		53.73266		54		9.849511		39.84589		40		22.57482		99.83914		100.1		55.96677		53.50565		53.38399		66.95652		35.4163		35.3		100.0861		48.56462		48.51		53.35519
17		3.800572		3.8		39.4426		10.32904		9.822939		51.27877		22.75679		22.71059		78.73579		53.72969		54		9.822939		39.88381		40		22.66903		100.2875		100.3401		55.94697		53.46863		53.53365		50.56359		35.42724		35.3		100.2555		48.59774		48.51		53.68696
18		3.79904		3.8		38.67272		10.08778		10.41053		51.57569		22.84147		22.83046		78.7504		53.80087		54		10.41053		39.9539		40		22.84338		100.3123		100.0301		55.8276		53.49049		53.5185		52.56191		35.41605		35.3		100.1045		48.59028		48.51		53.61288
19		3.803376		3.8		40.87218		10.28752		8.819321		50.69733		22.82803		22.76119		78.68384		53.60896		54		8.819321		39.88933		40		22.68242		100.0862		100.032		55.82962		53.55064		53.60086		51.07943		35.40538		35.3		99.96124		48.56834		48.51		53.39393
20		3.802134		3.8		40.30114		10.16291		10.08224		50.92678		22.76675		22.68293		78.62296		53.76174		54		10.08224		39.93678		40		22.80042		100.243		100.1538		55.81386		53.57987		53.6224		52.29198		35.40837		35.3		100.0155		48.59091		48.51		53.6201
21		3.799598		3.8		39.05901		9.966216		10.11019		50.90665		22.83046		22.76407		78.61849		53.76537		54		10.11019		39.89043		40		22.68478		100.3791		100.1833		55.76005		53.59146		53.43509		69.57912		35.42088		35.3		100.2068		48.57757		48.51		53.48712
22		3.801267		3.8		39.90335		10.00801		10.57951		51.14468		22.69604		22.75291		78.66143		53.82229		54		10.57951		39.93838		40		22.80395		100.3318		100.2721		55.73377		53.55605		53.50756		60.08142		35.39967		35.3		99.91196		48.59429		48.51		53.65492
23		3.803694		3.8		41.18004		10.03483		9.928221		50.84683		22.78737		22.86142		78.69692		53.74388		54		9.928221		39.96405		40		22.86773		100.2144		100.2662		55.71022		53.60836		53.66585		50.26111		35.39604		35.3		99.87008		48.61116		48.51		53.82418
24		3.799681		3.8		39.2256		10.03196		9.271437		50.47423		22.77222		22.8052		78.66861		53.66483		54		9.271437		39.88903		40		22.68073		100.2036		100.0849		55.64613		53.69531		53.51212		70.84466		35.39824		35.3		99.91234		48.61496		48.51		53.86276
25		3.799346		3.8		39.07882		9.904491		10.13617		50.77858		22.76428		22.83593		78.69413		53.76951		54		10.13617		39.94911		40		22.83018		100.3364		100.4782		55.68333		53.82204		53.60244		75.31079		35.39932		35.3		99.93942		48.61019		48.51		53.81558
26		3.800544		3.8		39.68063		9.922156		9.843783		50.44203		22.84099		22.75948		78.52511		53.73449		54		9.843783		39.95996		40		22.85703		100.2852		100.0525		55.54636		53.90211		53.62016		82.84987		35.4176		35.3		100.2126		48.59691		48.51		53.6833
27		3.801131		3.8		40.02181		9.906952		9.297062		50.17689		22.79104		22.81131		78.623		53.66873		54		9.297062		40.00152		40		22.9604		100.3522		100.3897		55.57486		53.90614		53.81674		65.14292		35.39911		35.3		99.95697		48.6003		48.51		53.71772
28		3.800921		3.8		39.94079		9.747003		8.972425		49.70617		22.83456		22.73912		78.51241		53.62984		54		8.972425		39.96659		40		22.87328		100.2852		99.90374		55.4675		53.79813		53.61878		73.97955		35.42117		35.3		100.2858		48.5961		48.51		53.67634
29		3.801129		3.8		40.05723		9.539037		9.595858		49.79842		22.75777		22.79658		78.59809		53.70545		54		9.595858		39.9271		40		22.77476		100.5719		100.5485		55.51551		53.70313		53.48366		79.1208		35.41657		35.3		100.2317		48.60175		48.51		53.73338
30		3.803123		3.8		41.09531		9.563282		9.111106		49.48489		22.7616		22.94834		78.80631		53.64722		54		9.111106		39.87885		40		22.65448		100.4412		100.0775		55.40339		53.6381		53.72584		53.13568		35.40871		35.3		100.1298		48.59799		48.51		53.69631
31		3.799234		3.8		39.17132		9.496424		9.359015		49.43238		22.74879		22.89251		78.79989		53.67748		54		9.359015		39.92846		40		22.77785		100.6095		100.0014		55.30761		53.73932		53.70845		64.19199		35.42183		35.3		100.3301		48.58576		48.51		53.57444
32		3.799256		3.8		39.17897		9.560838		9.500743		49.3921		22.82614		22.85538		78.69373		53.69492		54		9.500743		39.88573		40		22.6713		100.4306		100.0969		55.27862		53.62222		53.67889		57.12066		35.40093		35.3		100.039		48.59194		48.51		53.63686
33		3.800509		3.8		39.84116		9.60662		8.831094		49.14668		22.7138		22.96661		78.95228		53.61434		54		8.831094		39.97345		40		22.88964		100.2935		100.305		55.30236		53.60196		53.57637		63.83212		35.41808		35.3		100.2968		48.5972		48.51		53.69003
34		3.801317		3.8		40.26567		9.599154		9.947835		49.7082		22.94646		22.83999		78.66083		53.74948		54		9.947835		39.94963		40		22.83023		100.5132		100.2529		55.22302		53.57631		53.5538		63.79037		35.40489		35.3		100.1177		48.58994		48.51		53.61784
35		3.802062		3.8		40.63377		9.601959		9.940279		49.61032		22.83492		22.89349		78.80357		53.74887		54		9.940279		39.96799		40		22.87587		100.3258		100.1052		55.17791		53.62489		53.64324		60.03857		35.39916		35.3		100.0452		48.57505		48.51		53.46949
36		3.798266		3.8		38.75439		9.391146		9.453286		49.48953		22.89225		22.76425		78.63654		53.69036		54		9.453286		39.95746		40		22.84955		100.4464		100.3118		55.174		53.54539		53.72613		46.04045		35.41001		35.3		100.2125		48.60729		48.51		53.79239
37		3.802138		3.8		40.69106		9.695109		8.949076		49.36987		22.82755		22.9756		78.97481		53.62974		54		8.949076		39.95393		40		22.84076		100.2224		100.285		55.17521		53.53113		53.60369		54.07023		35.42085		35.3		100.3793		48.601		48.51		53.73011
38		3.801006		3.8		40.1878		9.546678		9.879533		49.6832		22.89115		22.92227		78.90298		53.74242		54		9.879533		39.993		40		22.93801		100.4122		100.1861		55.12176		53.67727		53.71998		56.42048		35.41738		35.3		100.3402		48.57634		48.51		53.48406
39		3.802147		3.8		40.78799		9.61138		9.661245		49.41807		23.00286		22.85578		78.69639		53.71637		54		9.661245		39.95014		40		22.83121		100.2768		100.1421		55.12636		53.56923		53.71399		47.81773		35.40115		35.3		100.1173		48.59395		48.51		53.66064
40		3.800709		3.8		40.07517		9.314137		9.157678		49.102		22.79737		22.82998		78.83671		53.6559		54		9.157678		40.00201		40		22.96029		100.4697		100.2034		55.07613		53.57777		53.72758		46.67593		35.42585		35.3		100.4839		48.57299		48.51		53.45164
41		3.800104		3.8		39.81026		9.399888		9.825597		49.59412		23.04221		23.02381		78.81447		53.73684		54		9.825597		39.96806		40		22.87571		100.4324		100.4619		55.11014		53.50383		53.66108		45.48413		35.41966		35.3		100.4058		48.59854		48.51		53.70765
42		3.801059		4		40.27883		9.455592		9.871117		49.41425		22.81483		22.99525		78.97854		53.74267		54		9.871117		39.99503		40		22.9428		100.3958		100.1609		55.02231		53.57042		53.50476		63.89344		35.40606		35.3		100.22		48.58504		48.51		53.57316
43		3.818544		4		6.59407		9.456752		9.204509		48.80197		22.94999		23.01682		78.93225		53.66252		54		9.204509		39.97679		40		22.89739		99.87879		101.3503		55.37585		53.58222		53.6323		53.66037		35.47131		35.3		101.1721		48.61358		48.51		53.85916
44		3.843386		4		14.83682		9.186177		7.822271		47.60207		22.88557		22.91469		78.92103		53.49602		54		7.822271		39.99994		40		22.95503		100.0401		104.1036		56.27412		53.7197		53.96303		35.79294		35.67456		35.3		104.1262		48.63946		48.51		54.11857
45		3.864157		4		21.63567		8.766368		6.522412		45.81485		22.96007		22.7847		78.62864		53.33959		54		6.522412		39.99949		40		22.9538		101.1332		106.6644		57.42211		53.86791		54.66872		0		35.88221		35.3		107.1634		48.67885		48.51		54.51358
46		3.874256		4		23.45737		7.866266		4.923253		43.0465		22.90442		22.71817		78.45869		53.14724		54		4.923253		39.95571		40		22.8446		102.7293		109.2047		58.77532		54.01338		55.30161		0		36.03231		35.3		109.3889		48.7576		48.51		55.30259
47		3.881112		4		23.83333		6.878537		3.327992		39.66716		22.79732		22.56844		78.17891		52.95555		54		3.327992		39.79948		40		22.4552		104.3079		110.3354		59.88859		54.21459		55.87851		0		36.10447		35.3		110.5015		48.84206		48.51		56.14917
48		3.888514		4		24.66397		5.878488		2.141344		36.29231		22.63476		22.64655		78.16775		52.81336		54		2.141344		39.80218		40		22.46151		105.6672		111.6444		61.02599		54.54779		56.61324		0		36.17605		35.3		111.6135		48.8839		48.51		56.56994
49		3.897058		4		26.28416		4.843186		1.060497		32.91011		22.73796		22.25696		77.42833		52.68408		54		1.060497		39.75255		40		22.33736		107.0478		112.7129		62.04848		54.76035		57.37439		0		36.23563		35.3		112.5587		48.95324		48.51		57.26616
50		3.903155		4		26.83089		3.973926		0.2093298		29.44212		22.49971		22.24812		77.31878		52.55262		54		0.2093298		39.64334		40		22.06473		108.1916		113.4918		63.01564		54.91896		58.11435		0		36.29416		35.3		113.4953		49.0129		48.51		57.86597
51		3.910123		4		28.0264		3.139287		0.4669344		26.96967		22.39131		22.15523		76.9839		52.41119		54		0.4669344		39.6075		40		21.97463		109.473		114.3404		63.91652		54.99372		58.47794		0		36.36723		35.3		114.6472		49.04626		48.51		58.20308
52		3.913579		4		27.54284		2.615683		0		24.46105		22.31887		21.88441		76.39912		52.27268		54		0		39.58925		40		21.92822		110.375		115.108		64.81485		55.13672		58.68884		0		36.38501		35.3		115.0065		49.09477		48.51		58.6921
53		3.920459		4		28.96035		2.137553		0.328636		22.72288		22.21057		21.76227		75.94469		52.2072		54		0.328636		39.52978		40		21.77904		111.0757		115.9739		65.75185		55.23752		59.29524		0		36.43537		35.3		115.8398		49.13895		48.51		59.13805
54		3.927437		4		30.56176		1.900958		0.3691927		21.13503		22.03414		21.67082		75.58858		52.10719		54		0.3691927		39.46473		40		21.6158		111.7672		116.6679		66.67751		55.38493		59.73293		0		36.48758		35.3		116.7045		49.17791		48.51		59.53197
55		3.93072		4		30.43921		1.604196		0		19.65697		21.92716		21.47994		75.06383		51.94338		54		0		39.41347		40		21.48678		112.3532		117.472		67.66645		55.47839		59.94518		0		36.51772		35.3		117.2551		49.23914		48.51		60.14893
56		3.933221		4		30.01271		1.364898		0		18.40399		21.76434		21.41243		74.74269		51.8088		54		0		39.3248		40		21.26449		112.9386		117.8683		68.57682		55.57752		60.34916		0		36.53488		35.3		117.6215		49.26041		48.51		60.36663
57		3.938103		4		30.8766		1.242111		0		17.41649		21.64287		21.10847		74.05547		51.76806		54		0		39.30987		40		21.22562		113.3446		118.3842		69.51548		55.72718		60.77873		0		36.57463		35.3		118.3154		49.29174		48.51		60.68497
58		3.944101		4		32.39778		1.107325		0.3611552		16.66213		21.52735		21.0275		73.57131		51.68415		54		0.3611552		39.26829		40		21.12025		113.7756		118.8467		70.45659		55.86134		61.14131		0		36.59118		35.3		118.6774		49.32019		48.51		60.97489
59		3.944378		4		31.16973		0.9949228		0.09157097		15.82798		21.44517		20.97798		73.14697		51.5093		54		0.09157097		39.24193		40		21.05272		114.1116		119.6996		71.52791		55.92468		61.35412		0		36.62927		35.3		119.3534		49.34583		48.51		61.23678
60		3.94909		4		32.19751		0.9304342		0		15.24656		21.28985		20.86111		72.79315		51.49745		54		0		39.18218		40		20.90196		114.5632		120		72.51239		56.08277		61.52949		0		36.64827		35.3		119.626		49.36133		48.51		61.39747
61		3.953418		4		33.14677		0.8663769		0		14.55103		21.14245		20.79178		72.43001		51.30127		54		0		39.13969		40		20.79401		114.789		120		73.4601		56.16723		61.90393		0		36.68803		35.3		120		49.40402		48.51		61.83018
62		3.954326		4		32.45943		0.7925316		0.1229297		14.3088		21.05402		20.54477		71.87095		51.31876		54		0.1229297		39.08629		40		20.65879		115.0706		119.8985		74.34028		56.33863		62.01448		0		36.72216		35.3		120		49.42478		48.51		62.04377
63		3.956391		4		32.38968		0.7852126		0.6780102		14.00384		20.907		20.56424		71.65714		51.26583		54		0.6780102		39.04692		40		20.55843		115.2872		120		75.2031		56.41579		62.33909		0		36.7246		35.3		119.9634		49.43648		48.51		62.16696
64		3.960899		4		33.64061		0.7477682		0		13.35361		20.74132		20.4325		71.31438		51.0766		54		0		39.00313		40		20.44691		115.4811		119.8713		75.99236		56.58766		62.56392		0		36.73938		35.3		119.7755		49.46311		48.51		62.43956
65		3.961129		4		32.77748		0.6556461		0		12.96286		20.70498		20.31763		70.86789		51.02242		54		0		39.007		40		20.45402		115.6624		120		76.79548		56.69742		62.67415		0		36.77148		35.3		120		49.4785		48.51		62.59985
66		3.966041		4		34.34014		0.6428203		0.5975056		12.85802		20.6052		20.40409		70.79402		50.98663		54		0.5975056		38.97693		40		20.37662		115.8332		120		77.5552		56.83531		62.89441		0		36.80003		35.3		120		49.48939		48.51		62.71533
67		3.96921		4		35.09914		0.6574939		0.2323181		12.47699		20.49765		20.29583		70.53914		50.89706		54		0.2323181		38.94711		40		20.29976		115.9848		120		78.2927		56.89814		62.97848		0		36.80531		35.3		119.9484		49.5129		48.51		62.95712
68		3.969271		4		34.36493		0.6042875		0		12.01385		20.49616		20.3332		70.32351		50.82625		54		0		38.95195		40		20.30919		116.1614		119.999		78.98898		57.05336		63.23839		0		36.83944		35.3		120		49.52146		48.51		63.04942
69		3.971188		4		34.57899		0.5099264		0.3999236		11.77563		20.44867		20.2591		70.0598		50.82587		54		0.3999236		38.86631		40		20.09322		116.3298		119.8637		79.60443		57.14178		63.30311		0		36.83471		35.3		120		49.55549		48.51		63.3966
70		3.973657		4		35.11402		0.5167604		0		11.25432		20.2724		20.09146		69.83556		50.65923		54		0		38.86658		40		20.09112		116.3806		120		80.29483		57.25756		63.43922		0		36.86376		35.3		120		49.58326		48.51		63.68131
71		3.974821		4		35.06943		0.4866018		0		10.99281		20.32265		20.02881		69.56543		50.61531		54		0		38.84764		40		20.04117		116.5931		120		80.90217		57.41952		63.61332		0		36.87015		35.3		120		49.58578		48.51		63.71356
72		3.977068		4		35.56471		0.4384755		0.2513473		10.77417		20.21499		19.99562		69.46822		50.56907		54		0.2513473		38.84077		40		20.02125		116.7526		120		81.48575		57.49283		63.58145		19.29982		36.88812		35.3		120		49.57839		48.51		63.6468
73		3.975572		4		34.21864		0.4104592		0.3053111		10.49785		20.21738		20.08588		69.41337		50.46927		54		0.3053111		38.82008		40		19.96686		116.8267		119.7844		82.0025		57.61241		63.6736		0		36.87055		35.3		119.8976		49.59108		48.51		63.78084
74		3.977509		4		34.62259		0.3957623		0		10.35236		20.14585		20.02114		69.29678		50.39679		54		0		38.86217		40		20.06885		116.9159		120		82.58315		57.75082		63.87058		0		36.87781		35.3		119.9851		49.59232		48.51		63.80052
75		3.982127		4		36.39477		0.3907597		0		10.21678		20.19924		20.05961		69.14408		50.34469		54		0		38.91014		40		20.18545		116.9089		120		83.1457		57.87216		64.03382		0		36.87742		35.3		119.9976		49.58192		48.51		63.70382
76		3.982234		4		35.99978		0.3574969		0		9.931372		20.20457		20.01147		68.95131		50.24838		54		0		38.83688		40		20.0002		117.0193		120		83.6849		57.96219		63.98537		1.42335		36.90628		35.3		119.9392		49.6121		48.51		64.01294
77		3.978924		4		33.8798		0.3705666		0.6215231		10.16289		20.04762		20.04122		69.05826		50.32169		54		0.6215231		38.8535		40		20.03878		117.2113		119.8068		84.14193		58.04613		63.97782		10.08261		36.92136		35.3		120		49.61525		48.51		64.0518
78		3.981368		4		34.6102		0.3673612		0		9.78207		20.21976		20.17125		68.9977		50.12744		54		0		38.88182		40		20.1065		117.2387		119.9184		84.62898		58.19788		64.21619		0		36.89449		35.3		119.7663		49.6272		48.51		64.17872
79		3.983193		4		35.09604		0.3670534		0.8503878		10.00225		20.14478		20.07793		68.88507		50.18459		54		0.8503878		38.92742		40		20.21728		117.2831		119.8626		85.10448		58.35596		64.32371		0		36.91952		35.3		120		49.61701		48.51		64.08429
80		3.985866		4		36.04006		0.3437745		0.9536481		10.29123		20.24112		20.1612		68.90641		50.08935		54		0.9536481		38.93088		40		20.22324		117.3512		119.9922		85.61207		58.4055		64.26106		0		36.9321		35.3		120		49.63404		48.51		64.26206
81		3.989631		4		37.56948		0.3426855		0		10.13576		20.23792		20.17671		68.90105		49.9288		54		0		38.86273		40		20.05083		117.2927		119.8672		86.07941		58.4447		64.47304		0		36.94284		35.3		120		49.66841		48.51		64.6134
82		3.988005		4		36.46641		0.4311257		0.8486389		10.59411		20.11687		20.30294		69.12318		49.94209		54		0.8486389		38.96756		40		20.30921		117.46		119.7573		86.51069		58.64428		64.43655		0		36.92881		35.3		119.6112		49.66095		48.51		64.54642
83		3.98768		4		35.9327		0.393785		1.276943		11.35758		20.36362		20.35465		68.98308		49.99784		54		1.276943		38.99373		40		20.37179		117.3677		119.8818		86.97574		58.78214		64.54502		0		36.9436		35.3		119.9813		49.65133		48.51		64.45785
84		3.991269		4		37.44457		0.4439731		0.1184589		10.69698		20.3287		20.41809		69.12009		49.81812		54		0.1184589		39.00295		40		20.39227		117.3845		120		87.47463		58.88466		64.62198		0		36.94634		35.3		119.7106		49.66711		48.51		64.62335
85		3.989528		4		36.3343		0.407202		0.687289		10.94539		20.45373		20.40435		68.98706		49.79101		54		0.687289		39.00691		40		20.39963		117.5675		119.8304		87.85996		58.99345		64.77733		0		36.9807		35.3		119.98		49.67891		48.51		64.74912
86		3.989021		4		35.7781		0.4855015		0		10.47437		20.37085		20.41474		69.09383		49.66776		54		0		39.05612		40		20.51975		117.582		119.866		88.29151		59.11279		64.71652		0		36.95511		35.3		119.7712		49.67306		48.51		64.69834
87		3.987826		4		34.90058		0.4297983		0.1275601		10.22917		20.50256		20.55836		69.15039		49.65192		54		0.1275601		39.08545		40		20.5904		117.607		119.8265		88.70108		59.24794		64.76631		1.886581		36.95187		35.3		119.8834		49.66068		48.51		64.58228
88		3.991769		4		36.6432		0.4446494		1.149959		10.42513		20.44662		20.52072		69.26254		49.65249		54		1.149959		39.03461		40		20.4615		117.6738		119.8844		89.12453		59.34377		64.81362		0		36.96715		35.3		119.9071		49.68028		48.51		64.78612
89		3.991198		4		36.12755		0.3735078		0.4338941		10.1866		20.52708		20.63212		69.37407		49.52287		54		0.4338941		39.15342		40		20.75513		117.6843		119.7953		89.51291		59.46821		64.96219		0		36.95295		35.3		119.675		49.68298		48.51		64.82093
90		3.990346		4		35.49746		0.3784541		0.3348412		10.08972		20.73304		20.78181		69.45939		49.48986		54		0.3348412		39.16224		40		20.77493		117.7723		120		89.93345		59.59124		64.87986		0		36.97336		35.3		119.8194		49.66883		48.51		64.68725
91		3.991247		4		35.72169		0.3543833		0.2352373		10.18592		20.62359		20.82707		69.69463		49.42702		54		0.2352373		39.14065		40		20.7191		117.8496		119.7276		90.22109		59.65384		64.84786		0		36.977		35.3		120		49.67503		48.51		64.75713
92		3.992259		4		36.01732		0.4002745		0.1914898		9.94575		20.74945		20.967		69.86047		49.37236		54		0.1914898		39.21947		40		20.91338		117.8438		119.8442		90.64024		59.78923		64.95862		0		36.95802		35.3		119.7157		49.67351		48.51		64.74968
93		3.992874		4		36.1327		0.3336303		0.4674439		10.01228		20.88967		20.99529		69.84718		49.31994		54		0.4674439		39.25556		40		21.00134		117.751		120		91.07783		59.88021		64.87506		0		36.97728		35.3		119.916		49.68001		48.51		64.82253
94		3.993284		4		36.17174		0.3218109		0.3590801		10.09403		20.88305		21.02945		69.97701		49.27696		54		0.3590801		39.30036		40		21.11105		117.9115		119.8892		91.41415		59.96678		65.01568		0		36.97291		35.3		119.7526		49.68055		48.51		64.83577
95		3.994266		4		36.48327		0.3517213		0.926077		10.14251		21.07566		21.00276		69.91878		49.23061		54		0.926077		39.3153		40		21.14651		117.9298		119.8354		91.76426		60.15457		65.03705		0		36.99084		35.3		120		49.67998		48.51		64.83797
96		3.993567		4		35.98566		0.4089158		0		9.73752		21.06853		21.20065		70.22187		49.06118		54		0		39.31859		40		21.15303		117.9173		119.6066		92.09323		60.29632		65.14792		0		36.99018		35.3		119.9104		49.68017		48.51		64.84779
97		3.992288		4		35.1746		0.325792		0		9.855413		21.09544		21.39965		70.53839		49.0416		54		0		39.37819		40		21.29985		117.8833		120		92.53731		60.35856		65.01143		0		36.98903		35.3		119.9286		49.69232		48.51		64.97715
98		3.993759		4		35.79901		0.3795704		0		9.610713		21.2806		21.47272		70.61674		48.96963		54		0		39.43702		40		21.44487		118.0674		119.6914		92.80851		60.44509		64.87629		2.416052		37.01433		35.3		120		49.6812		48.51		64.87374
99		3.994185		4		35.87331		0.3863912		0		9.565076		21.35499		21.4886		70.67168		48.87331		54		0		39.44872		40		21.47261		118.0641		119.7311		93.13989		60.53016		64.88953		2.998306		36.97964		35.3		119.6625		49.69641		48.51		65.03377
100		3.99263		4		34.92837		0.374466		0.08208383		9.622563		21.42906		21.52765		70.78935		48.88829		54		0.08208383		39.51396		40		21.63377		118.0348		119.8604		93.48316		60.64512		65.07174		0		36.98247		35.3		119.8646		49.68701		48.51		64.94766
101		3.995124		4		36.05354		0.3118032		0.3496026		9.875097		21.58865		21.81836		71.12398		48.86495		54		0.3496026		39.62295		40		21.90405		118.0573		120		93.85311		60.76852		65.10416		0		37.00979		35.3		120		49.68917		48.51		64.97717
102		3.995796		4		36.26437		0.3169405		0.7856234		10.00931		21.68492		21.80441		71.22304		48.86617		54		0.7856234		39.61355		40		21.87962		118.1064		119.6666		94.09047		60.86943		65.07051		0		36.99722		35.3		119.9808		49.70196		48.51		65.11303
103		3.996521		4		36.52102		0.3775139		0.4681664		9.777875		21.69674		21.98053		71.58611		48.72951		54		0.4681664		39.62974		40		21.919		118.0909		120		94.49794		60.98132		65.11955		0		37.00591		35.3		120		49.6941		48.51		65.04234
104		3.996067		4		36.2012		0.3630045		0.4874048		9.842856		21.84347		21.98209		71.62602		48.69843		54		0.4874048		39.67545		40		22.03198		118.1189		119.7531		94.77575		61.11896		65.0292		4.536614		36.98445		35.3		119.6057		49.70413		48.51		65.15054
105		3.996865		4		36.51223		0.3767698		0		9.513753		21.95144		22.16845		71.9063		48.55578		54		0		39.77025		40		22.26734		118.0882		119.9453		95.13847		61.15937		65.04939		0		37.0074		35.3		120		49.71249		48.51		65.24198
106		3.998006		4		36.99063		0.385095		0.303991		9.575889		22.16426		22.25547		71.96901		48.59328		54		0.303991		39.78282		40		22.29803		118.1731		119.8091		95.41723		61.39989		64.9942		12.5768		37.00767		35.3		120		49.69612		48.51		65.0862
107		3.993846		4		34.81566		0.3687259		0.2506331		9.409875		22.12472		22.25559		72.11126		48.50841		54		0.2506331		39.82012		40		22.39032		118.272		120		95.75504		61.44979		65.0753		0		36.99894		35.3		119.8696		49.70169		48.51		65.14983
108		3.99738		4		36.45986		0.2880957		0		9.190775		22.30562		22.41892		72.25633		48.42488		54		0		39.82613		40		22.40482		118.2459		120		96.05682		61.51832		65.179		0		36.97466		35.3		119.6818		49.69134		48.51		65.05426
109		4.00092		4		38.18409		0.32092		0		9.270334		22.18126		22.52943		72.77192		48.33032		54		0		39.90966		40		22.61255		118.176		120		96.38965		61.60694		65.12387		0		36.99684		35.3		119.9044		49.67661		48.51		64.91471
110		3.995594		4		35.47402		0.3585608		0.654844		9.629629		22.56671		22.60095		72.64102		48.38274		54		0.654844		39.93443		40		22.67396		118.3892		119.5614		96.54992		61.79936		65.07831		0		36.97953		35.3		119.5382		49.6959		48.51		65.11553
111		3.996126		4		35.59601		0.3485827		0		9.469479		22.53061		22.8258		73.12822		48.19643		54		0		39.98032		40		22.78817		118.1575		119.2165		96.75654		61.81515		65.03127		0		36.99308		35.3		119.7525		49.67055		48.51		64.86979
112		3.999162		4		37.07076		0.3685094		0.4083625		9.654295		22.66558		22.99951		73.44759		48.25097		54		0.4083625		40.05175		40		22.9661		118.2784		119.8039		97.11823		61.92366		65.18641		0		36.99904		35.3		119.9134		49.69421		48.51		65.1143
113		3.995268		4		35.06671		0.3756914		0.5388133		9.598578		22.87964		22.97408		73.4374		48.23074		54		0.5388133		40.06928		40		23.00989		118.3544		119.7533		97.39671		62.02864		65.13966		0		36.98219		35.3		119.8128		49.67778		48.51		64.95795
114		3.997348		4		35.95187		0.2993052		0.5912681		9.47928		22.88609		23.29788		73.98033		48.19608		54		0.5912681		40.12719		40		23.15438		118.2208		120		97.73065		62.14049		65.01923		0		36.99335		35.3		120		49.68593		48.51		65.04725
115		4.00024		4		37.38866		0.3292156		0		9.055342		23.11392		23.41961		74.15727		48.05129		54		0		40.1654		40		23.24995		118.2972		119.7281		97.9721		62.27403		65.06467		0		37.00014		35.3		120		49.68581		48.51		65.05385
116		3.993947		4		34.1936		0.2660232		0		8.873666		23.23139		23.46089		74.30487		47.99927		54		0		40.22835		40		23.40727		118.5047		119.7087		98.20242		62.38117		65.27402		0		36.98061		35.3		119.6822		49.69429		48.51		65.14654
117		3.997554		4		35.84667		0.2824727		0		8.661081		23.35442		23.46312		74.37943		47.93781		54		0		40.28302		40		23.54403		118.3245		120		98.53116		62.52409		64.93296		20.27862		36.99034		35.3		119.8604		49.681		48.51		65.02137
118		3.999598		4		36.85968		0.2766424		0.04623812		8.458211		23.41245		23.78126		74.91715		47.89743		54		0.04623812		40.35461		40		23.72311		118.4255		119.8994		98.77877		62.60134		65.12208		0		37.00496		35.3		119.9808		49.6975		48.51		65.19428
119		3.996276		4		35.14042		0.2838634		0.1945053		8.326824		23.63872		23.89561		75.09534		47.76911		54		0.1945053		40.39901		40		23.83467		118.5234		119.7739		98.99015		62.72023		64.97741		13.1754		36.99074		35.3		119.9381		49.67573		48.51		64.98436
120		3.997649		4		35.72136		0.2570402		0		8.217548		23.73774		24.03925		75.37692		47.72077		54		0		40.45352		40		23.97147		118.4083		119.895		99.2746		62.81385		65.01964		8.866405		36.98343		35.3		119.9936		49.68232		48.51		65.05806
121		3.99785		4		35.78868		0.2432598		1.194824		8.88192		23.85741		23.99535		75.37045		47.76209		54		1.194824		40.48441		40		24.04951		118.4722		120		99.55797		62.90395		64.90613		9.631093		36.9839		35.3		120		49.64847		48.51		64.72722
122		3.99829		4		35.94569		0.2864981		0.2442079		8.692495		23.89568		24.30042		75.95888		47.65361		54		0.2442079		40.54359		40		24.19824		118.4557		119.7817		99.78366		62.99383		64.94607		0		36.99243		35.3		119.8308		49.67672		48.51		65.01743
123		3.99827		4		35.88044		0.2635502		0.05387485		8.643184		24.16452		24.29729		75.91254		47.60318		54		0.05387485		40.63148		40		24.41852		118.4641		119.9285		100		63.11602		64.98718		1.408402		36.98888		35.3		119.8283		49.66572		48.51		64.91524
124		3.998695		4		36.03843		0.2861851		0.4083363		8.959328		24.21596		24.34627		76.15043		47.51849		54		0.4083363		40.65127		40		24.46936		118.4812		119.5725		99.99289		63.23129		64.9559		10.26643		36.99542		35.3		119.7171		49.6828		48.51		65.09381
125		3.997553		4		35.40851		0.3145698		0		8.800934		24.30485		24.42611		76.34544		47.42501		54		0		40.70141		40		24.59584		118.4715		119.6961		99.98794		63.35271		64.74231		36.68683		36.98157		35.3		119.6795		49.66882		48.51		64.96172
126		3.99811		4		35.63059		0.2949221		0.2167176		8.856931		24.48918		24.63183		76.63046		47.39624		54		0.2167176		40.69359		40		24.57815		118.4493		119.7927		100		63.4182		64.85059		19.83337		36.99141		35.3		119.983		49.64857		48.51		64.76698
127		4.001463		4		37.27912		0.2866622		0.65544		9.092017		24.49368		24.75983		77.0288		47.35763		54		0.65544		40.77349		40		24.77899		118.4646		119.7871		100		63.5703		64.91858		15.29734		36.99305		35.3		119.9668		49.66135		48.51		64.90245
128		3.997479		4		35.24045		0.3097831		0.4597916		9.037023		24.74075		24.99768		77.3642		47.30342		54		0.4597916		40.83531		40		24.93501		118.4183		119.9819		100		63.62777		64.96349		5.666874		36.97836		35.3		119.8063		49.63445		48.51		64.64099
129		3.995251		4		34.04219		0.3397056		0.01306661		8.799403		24.79826		25.13247		77.7026		47.17295		54		0.01306661		40.90186		40		25.1029		118.5416		119.9765		100		63.69826		64.94368		3.751896		36.96343		35.3		119.7518		49.64876		48.51		64.79175
130		3.998684		4		35.67533		0.3232998		0.3971014		8.982228		24.98397		25.29222		77.9972		47.13198		54		0.3971014		40.9626		40		25.25652		118.4381		120		100		63.80484		64.73809		21.27191		36.95434		35.3		119.643		49.64244		48.51		64.73618
131		4.000507		4		36.56821		0.2743022		0.6041393		8.982552		25.15774		25.40471		78.20916		47.10543		54		0.6041393		41.01962		40		25.40101		118.389		120		100		63.88091		64.75312		18.56463		36.98161		35.3		119.906		49.64894		48.51		64.80869
132		3.995889		4		34.22455		0.3153238		0.03188094		8.793519		25.26455		25.56553		78.56744		47.04324		54		0.03188094		41.10849		40		25.62499		118.4259		120		100		64.00222		64.67722		28.49029		36.97903		35.3		119.8794		49.65172		48.51		64.84414
133		3.996084		4		34.24144		0.3022396		0.1850994		8.668241		25.49383		25.68828		78.71435		46.96791		54		0.1850994		41.11878		40		25.65334		118.4257		119.9606		100		64.0714		64.82826		15.00851		36.97239		35.3		119.9441		49.65631		48.51		64.89757
134		3.996476		4		34.35655		0.2572896		0.02895859		8.544545		25.45787		25.79134		79.10872		46.87038		54		0.02895859		41.17109		40		25.78646		118.439		119.7775		100		64.2171		64.64769		38.07808		36.94443		35.3		119.5946		49.63177		48.51		64.65963
135		3.998019		4		35.10163		0.2229387		0		8.527806		25.72535		25.94218		79.30945		46.84019		54		0		41.25139		40		25.98944		118.4728		119.9383		100		64.2661		64.636		39.13822		36.94881		35.3		119.8172		49.63291		48.51		64.67856
136		3.998123		4		35.10219		0.243296		0.283709		8.537647		25.80846		25.96028		79.50156		46.72633		54		0.283709		41.30796		40		26.13344		118.3985		119.8756		100		64.31336		64.68177		35.31432		36.97528		35.3		120		49.63077		48.51		64.66474
137		3.998399		4		35.20567		0.3249895		0.1483034		8.426922		25.94992		26.1535		79.83673		46.67984		54		0.1483034		41.31496		40		26.15414		118.4781		119.939		100		64.33634		64.74414		28.81246		36.97797		35.3		119.9863		49.63275		48.51		64.692
138		3.998786		4		35.34566		0.3286585		0.4523975		8.735801		26.01326		26.36005		80.25784		46.62114		54		0.4523975		41.36965		40		26.29373		118.4025		120		100		64.43769		64.42443		63.07135		36.9751		35.3		119.9871		49.64368		48.51		64.80871
139		3.998059		4		34.92204		0.2753527		0		8.508223		26.18128		26.44123		80.50982		46.5432		54		0		41.48207		40		26.57724		118.4092		119.9681		100		64.48274		64.57509		52.8999		36.9679		35.3		119.8763		49.63182		48.51		64.69753
140		3.999642		4		35.6873		0.2625714		0.3736615		8.484569		26.409		26.63321		80.75789		46.5029		54		0.3736615		41.48526		40		26.58881		118.4504		119.6599		99.97798		64.47728		64.43777		63.51649		36.96939		35.3		119.7725		49.60682		48.51		64.45493
141		3.996804		4		34.24068		0.2277092		0.3388615		8.466382		26.36433		26.838		81.31767		46.43373		54		0.3388615		41.55575		40		26.76818		118.4779		119.8518		100		64.50694		64.57353		53.76264		36.96641		35.3		119.8896		49.61942		48.51		64.58831
142		3.99763		4		34.59123		0.2607299		0.07536574		8.251664		26.68344		26.81643		81.23925		46.35774		54		0.07536574		41.59848		40		26.87849		118.4201		119.7569		100		64.45653		64.28939		72.98483		36.964		35.3		119.9432		49.6166		48.51		64.56757
143		3.997767		4		34.61177		0.2516639		0		8.111709		26.65656		27.08309		81.82497		46.29447		54		0		41.67455		40		27.07197		118.3851		120		100		64.47418		64.4592		59.39283		36.95761		35.3		119.8852		49.62137		48.51		64.62258
144		3.998676		4		35.06869		0.2422777		0.5638144		8.287447		26.95526		27.04897		81.79491		46.27185		54		0.5638144		41.72924		40		27.21237		118.5069		119.9558		100		64.52634		64.48774		61.12238		36.9633		35.3		119.9494		49.60263		48.51		64.44256
145		3.997467		4		34.39251		0.2820682		0.6711263		8.342239		26.96714		27.32195		82.36362		46.22712		54		0.6711263		41.78093		40		27.34543		118.4828		119.815		99.99564		64.47391		64.56241		50.08705		36.95963		35.3		120		49.60746		48.51		64.49815
146		3.997737		4		34.48013		0.2407492		0.4922086		8.413847		27.13303		27.44061		82.65194		46.09515		54		0.4922086		41.81276		40		27.42918		118.4361		120		100		64.4167		64.34073		63.93538		36.9324		35.3		119.566		49.59272		48.51		64.35805
147		3.999383		4		35.28377		0.2389317		0.5935757		8.538677		27.25673		27.57308		82.96433		46.02508		54		0.5935757		41.91676		40		27.69278		118.4426		119.9055		100		64.35849		64.25396		66.29035		36.96399		35.3		119.945		49.60153		48.51		64.45348
148		4.000347		4		35.73755		0.2740032		0		8.320886		27.57567		27.74209		83.12164		45.93488		54		0		41.9195		40		27.70438		118.4642		120		100		64.39536		64.32781		62.81866		36.96525		35.3		120		49.60136		48.51		64.45896
149		3.997064		4		34.06916		0.2389659		0.092628		8.255721		27.47236		27.77899		83.49105		45.92079		54		0.092628		42.0138		40		27.94404		118.4665		119.7799		100		64.41788		64.34799		63.24022		36.95347		35.3		119.7821		49.59313		48.51		64.38389
150		4.000189		4		35.58301		0.252445		0		8.014187		27.7479		27.96195		83.72267		45.71008		54		0		42.03737		40		28.00773		118.3472		119.6094		100		64.41668		64.57798		43.321		36.9435		35.3		119.6735		49.58504		48.51		64.31026
151		4.000582		4		35.78621		0.2786267		0.3132563		8.319817		27.80457		27.94097		83.90668		45.74494		54		0.3132563		42.09909		40		28.16651		118.4828		119.9312		100		64.35203		64.39179		54.84336		36.96313		35.3		120		49.58923		48.51		64.35929
152		3.998376		4		34.6664		0.2818953		0		8.089614		28.0518		28.23448		84.25205		45.65271		54		0		42.15109		40		28.30127		118.47		120		100		64.38453		64.37472		59.03346		36.94009		35.3		119.714		49.58409		48.51		64.31509
153		3.998684		4		34.78707		0.2440092		0.1790837		8.037857		28.0676		28.41635		84.7192		45.62838		54		0.1790837		42.23596		40		28.51799		118.4577		119.8004		100		64.31886		64.37521		52.97029		36.96589		35.3		120		49.60149		48.51		64.49627
154		4.000379		4		35.61921		0.2434682		0		7.851122		28.33658		28.54616		84.90735		45.51074		54		0		42.17632		40		28.375		118.4362		119.9996		100		64.35959		64.22542		68.66631		36.93403		35.3		119.6993		49.57365		48.51		64.22502
155		3.998076		4		34.44947		0.2195657		0.2873611		7.858073		28.22071		28.81106		85.62649		45.47638		54		0.2873611		42.23761		40		28.53327		118.5032		119.7711		100		64.34734		64.23546		67.76677		36.95231		35.3		119.7957		49.59346		48.51		64.43029
156		4.000673		4		35.7196		0.197325		0.3134954		7.807729		28.50952		28.91071		85.78764		45.41801		54		0.3134954		42.29645		40		28.68553		118.3823		119.8026		100		64.3793		64.25997		68.1486		36.97438		35.3		120		49.56613		48.51		64.16407
157		4.000491		4		35.62477		0.2283771		0.3336629		7.803086		28.52489		28.90835		86.10386		45.32813		54		0.3336629		42.41158		40		28.97815		118.489		119.9697		100		64.30595		64.35279		54.55492		36.97309		35.3		120		49.56901		48.51		64.20001
158		3.994563		4		32.59645		0.1980664		0.2078158		7.994686		28.85703		28.95902		86.12219		45.2456		54		0.2078158		42.42227		40		29.01074		118.5549		119.667		100		64.14745		64.16888		56.49185		36.92789		35.3		119.4279		49.56655		48.51		64.18245
159		3.999319		4		34.90023		0.2499213		0.04436967		7.783319		28.78723		29.20336		86.72813		45.21056		54		0.04436967		42.48676		40		29.1775		118.3458		119.6572		100		64.17111		64.11712		62.36753		36.93209		35.3		119.6451		49.58168		48.51		64.34088
160		3.996577		4		33.54208		0.1725914		0.1966566		7.708281		29.12826		29.3237		86.86256		45.08237		54		0.1966566		42.58966		40		29.44		118.4969		119.991		100		64.21955		64.34821		45.74909		36.93644		35.3		119.8089		49.56		48.51		64.1311
161		3.997		4		33.69834		0.2203723		0		7.618519		29.165		29.35332		87.11168		45.0407		54		0		42.63253		40		29.55317		118.5261		119.5066		99.94362		64.13526		64.05687		64.76336		36.92208		35.3		119.6415		49.52985		48.51		63.83656
162		3.999238		3.8		100		0.1826529		1.239196		8.141673		29.28202		29.49446		87.42437		45.08037		54		1.239196		42.63608		40		29.56849		118.4206		120		100		64.06716		64.18713		48.12731		36.92414		35.3		119.6448		49.5338		48.51		63.88303
163		3.955098		3.8		77.40585		0.2222005		1.30621		8.603194		29.27218		29.87565		88.17145		45.04099		54		1.30621		42.70024		40		29.73493		119.8551		117.8032		99.26752		63.83458		63.9979		43.60852		36.76092		35.3		117.3023		49.52668		48.51		63.81867
164		3.872657		3.8		38.9813		0.2500147		3.321147		10.92541		29.56063		30		88.39592		45.29319		54		3.321147		42.77264		40		29.83156		120		110.6076		97.06177		63.79434		62.85132		100		36.28236		35.3		110.5282		49.43564		48.51		62.91483
165		3.838211		3.8		22.8396		0.4790368		4.387854		14.69332		29.61526		30		88.71187		45.4306		54		4.387854		42.94864		40		30		119.9639		103.4962		93.476		63.58558		61.67112		100		35.77853		35.3		103.3374		49.30575		48.51		61.62151
166		3.858261		3.8		34.02732		0.884238		5.519754		19.02528		29.7415		30		88.92209		45.57576		54		5.519754		43.08093		40		29.9773		119.2197		101.8401		90.16663		63.30641		60.32569		100		35.67093		35.3		101.8264		49.18055		48.51		60.37423
167		3.882973		3.8		48.12749		1.379084		5.89965		23.08958		29.60719		30		89.34022		45.63003		54		5.89965		43.35244		40		30		118.1508		103.2571		87.55264		62.94979		59.65206		100		35.75249		35.3		103.0405		49.11604		48.51		59.73325
168		3.883513		3.8		50.54606		2.028008		5.793197		26.51407		29.88092		30		89.28579		45.62554		54		5.793197		43.42274		40		29.99968		117.7976		104.4402		85.196		62.57753		58.98438		100		35.85316		35.3		104.5403		49.05878		48.51		59.16441
169		3.868766		3.8		45.04572		2.750785		5.751041		29.28397		29.61143		30		89.85924		45.62882		54		5.751041		43.60062		40		30		117.168		104.032		82.784		62.25918		58.56838		100		35.82512		35.3		104.1874		48.98719		48.51		58.45178
170		3.871034		3.8		47.87975		3.29769		6.864117		32.37729		29.73738		30		90.09446		45.77155		54		6.864117		43.73225		40		29.89037		116.0789		103.4895		80.47713		62.04462		57.96404		100		35.77035		35.3		103.4446		48.92699		48.51		57.85276
171		3.87174		3.8		50.01456		3.840687		6.072986		34.04673		29.59776		30		90.59174		45.68434		54		6.072986		43.88873		40		30		115.3277		103.8605		78.42163		61.60174		57.55102		100		35.77688		35.3		103.5848		48.89628		48.51		57.54832
172		3.861463		3.8		46.54359		4.338887		5.83126		35.51115		29.67322		30		90.95419		45.66347		54		5.83126		44.04946		40		30		114.746		103.2546		76.26465		61.26445		57.04175		100		35.75111		35.3		103.2583		48.85782		48.51		57.1662
173		3.858615		3.8		46.57904		4.68859		6.058109		36.93108		29.53942		30		91.47552		45.69916		54		6.058109		44.1491		40		30		113.9329		102.2825		74.08259		60.97076		56.72902		100		35.6697		35.3		102.1248		48.82399		48.51		56.83003
174		3.858423		3.8		47.95737		5.214326		6.406849		38.1887		29.55479		30		91.93773		45.74953		54		6.406849		44.28575		40		29.93452		112.9655		102.2697		72.17813		60.69704		56.51952		100		35.68113		35.3		102.3266		48.77603		48.51		56.35237
175		3.850715		3.8		45.49131		5.492044		6.576742		39.07963		29.50028		30		92.45279		45.7783		54		6.576742		44.42183		40		30		112.4602		101.7626		70.20879		60.34068		56.35284		100		35.63253		35.3		101.6616		48.77342		48.51		56.32811
176		3.84848		3.8		45.61895		5.610086		6.368296		39.70896		29.55964		29.96867		92.86682		45.76136		54		6.368296		44.42225		40		29.92125		111.6495		101.1457		68.27012		59.99089		56.05272		95.22952		35.60111		35.3		101.2395		48.72751		48.51		55.87056
177		3.851384		3.8		48.29159		5.931309		7.14198		40.51097		29.52824		29.8869		93.30712		45.86302		54		7.14198		44.59995		40		30		110.8072		100.9156		66.47643		59.65779		55.82932		97.1492		35.6014		35.3		101.2717		48.69929		48.51		55.58982
178		3.84267		3.8		45.12165		6.11108		5.659988		40.00208		29.49876		30		93.96831		45.6923		54		5.659988		44.67708		40		30		110.2733		100.7681		64.75029		59.27831		55.41271		100		35.57227		35.3		100.8789		48.67894		48.51		55.38745
179		3.839637		3.8		44.62978		6.122737		6.78934		40.79673		29.41791		29.94599		94.49486		45.83689		54		6.78934		44.73436		40		30		109.505		100.1931		63.00375		58.87378		55.25095		93.19166		35.53354		35.3		100.3438		48.65898		48.51		55.18893
180		3.842426		3.8		47.0511		6.180506		6.001208		40.70366		29.4869		30		95.00273		45.74991		54		6.001208		44.81709		40		30		108.5823		100.287		61.50744		58.56704		54.97826		100		35.51322		35.3		100.0721		48.63822		48.51		54.98222
181		3.838253		3.8		45.99219		6.29892		6.053362		40.84434		29.49467		29.93695		95.45088		45.7644		54		6.053362		44.87896		40		29.98607		107.9694		100.3674		60.09439		58.21353		54.84222		100		35.50819		35.3		100.0209		48.62218		48.51		54.82267
182		3.833405		3.8		44.47082		6.434683		6.195093		41.09097		29.49434		29.94304		95.96418		45.78968		54		6.195093		44.92384		40		30		107.2122		99.55284		58.60019		57.89858		54.76592		77.43022		35.48046		35.3		99.63959		48.59273		48.51		54.52878
183		3.834063		3.8		45.63279		6.47706		6.73046		41.2365		29.4887		30		96.56092		45.86252		54		6.73046		44.97443		40		29.89734		106.3075		99.46801		57.3322		57.51123		54.29214		100		35.44521		35.3		99.14669		48.57931		48.51		54.39506
184		3.833118		3.8		46.03096		6.495165		6.376245		41.17324		29.70539		30		96.67604		45.82789		54		6.376245		45.04109		40		30		105.5064		98.95403		56.10898		57.21486		54.2184		100		35.42605		35.3		98.885		48.55886		48.51		54.19096
185		3.828908		3.8		44.66198		6.552608		6.742061		41.32117		29.8169		29.89601		96.67893		45.88022		54		6.742061		45.06234		40		29.8955		104.7793		98.7453		55.00892		56.87369		53.91332		100		35.41883		35.3		98.79351		48.53077		48.51		53.91028
186		3.829476		3.8		45.66644		6.579685		7.006487		41.36829		29.71159		29.96301		97.03963		45.9203		54		7.006487		45.13034		40		30		103.955		98.66633		54.04542		56.55306		53.92192		90.47314		35.4322		35.3		98.9971		48.53107		48.51		53.91345
187		3.826049		3.8		44.689		6.695479		6.339904		40.87745		29.91603		29.94084		96.95031		45.84795		54		6.339904		45.17952		40		30		103.515		98.46819		53.13701		56.20108		53.82178		83.46119		35.39788		35.3		98.51335		48.52404		48.51		53.84325
188		3.823217		3.8		43.85341		6.569951		5.793837		40.32052		29.79633		30		97.22125		45.79016		54		5.793837		45.21197		40		29.91323		102.6316		98.10581		52.30237		56.02127		53.54429		100		35.36702		35.3		98.076		48.50024		48.51		53.60525
189		3.828486		3.8		47.11445		6.597129		6.325812		40.53847		29.85777		30		97.28808		45.86252		54		6.325812		45.19546		40		29.87246		101.8027		98.20693		51.67123		55.77773		53.54994		97.7231		35.37828		35.3		98.24505		48.49631		48.51		53.56588
190		3.82254		3.8		44.8055		6.627891		6.400455		40.6084		29.84898		30		97.35556		45.87962		54		6.400455		45.26647		40		29.9611		101.5484		97.84378		50.96107		55.53021		53.43607		92.81627		35.36034		35.3		97.99316		48.48265		48.51		53.42915
191		3.820807		3.8		44.43739		6.487289		6.116305		40.57007		29.95558		30		97.32705		45.8534		54		6.116305		45.34536		40		30		100.8059		97.57104		50.39436		55.24091		53.26685		99.64585		35.33636		35.3		97.65224		48.46098		48.51		53.21221
192		3.820843		3.8		44.99166		6.612594		6.207082		40.57744		29.96561		29.90126		97.19026		45.87245		54		6.207082		45.32724		40		29.89953		100.191		97.69282		49.98294		54.91586		53.39192		72.42989		35.32498		35.3		97.49203		48.44678		48.51		53.06992
193		3.81992		3.8		45.0517		6.619425		6.74027		40.99414		29.9343		30		97.36099		45.94489		54		6.74027		45.35378		40		29.89054		99.76621		97.61648		49.56575		54.59283		53.06127		82.06092		35.31505		35.3		97.35165		48.44257		48.51		53.02735
194		3.818015		3.8		44.54549		6.552925		6.356485		41.05112		29.94478		30		97.35361		45.90658		54		6.356485		45.4333		40		30		99.30668		97.20421		49.12931		54.3788		53.04634		76.74474		35.3087		35.3		97.26111		48.4356		48.51		52.95727
195		3.821192		3.8		46.59861		6.877716		7.008268		41.37271		29.92825		29.99568		97.39203		45.99331		54		7.008268		45.41619		40		29.93972		98.72355		97.29863		48.88507		54.14657		52.78731		90.68455		35.31217		35.3		97.31135		48.43419		48.51		52.94257
196		3.81613		3.8		44.53334		7.017466		7.050056		41.45551		29.96735		30		97.37117		46.00635		54		7.050056		45.46663		40		29.88935		98.5045		97.14889		48.63711		53.98079		52.66569		97.00584		35.30267		35.3		97.17515		48.4116		48.51		52.71608
197		3.814919		3.8		44.27025		6.85966		7.444279		41.83274		29.90363		30		97.44362		46.06194		54		7.444279		45.51981		40		29.9294		98.22113		96.80432		48.35111		53.75282		52.62368		90.81239		35.29017		35.3		96.99356		48.426		48.51		52.85946
198		3.815763		3.8		45.0935		7.069479		6.87628		41.76329		29.92852		29.78827		97.16705		46.00131		54		6.87628		45.5116		40		29.92267		97.6877		96.94741		48.25687		53.58267		52.63407		83.6225		35.26898		35.3		96.68613		48.38819		48.51		52.48068
199		3.811992		3.8		43.5791		7.016855		7.44096		42.14808		29.95874		30		97.36607		46.07746		54		7.44096		45.53884		40		29.94995		97.68554		96.64017		48.03263		53.3655		52.41387		90.59611		35.28494		35.3		96.91412		48.39401		48.51		52.53807
200		3.812555		3.8		44.12279		7.059849		7.89927		42.4499		29.91151		30		97.46301		46.14076		54		7.89927		45.51656		40		29.80163		97.41296		96.62623		47.90336		53.07644		52.36846		74.86324		35.25348		35.3		96.45724		48.38441		48.51		52.44133
201		3.81528		3.8		45.84544		7.287954		7.433444		42.48973		29.90191		30		97.52283		46.09241		54		7.433444		45.59379		40		29.93076		96.90858		96.66212		47.87861		52.97567		52.14821		90.67417		35.24792		35.3		96.37319		48.37011		48.51		52.29739
202		3.811707		3.8		44.39439		7.257885		8.161044		42.88152		29.96186		30		97.49633		46.18818		54		8.161044		45.5835		40		29.6868		97.04874		96.7008		47.79687		52.80283		52.31101		67.3044		35.25748		35.3		96.50755		48.36665		48.51		52.26176
203		3.812527		3.8		45.08177		7.181232		7.40015		42.86801		29.8296		29.78282		97.28875		46.10418		54		7.40015		45.65555		40		29.88022		96.86979		96.44429		47.69159		52.70878		52.22034		71.0223		35.25088		35.3		96.40826		48.36774		48.51		52.27177
204		3.8118		3.8		45.00587		7.368312		8.121277		43.55661		29.99626		29.95395		97.37043		46.19911		54		8.121277		45.66653		40		29.92171		96.60379		96.23386		47.61394		52.64146		52.02819		85.98265		35.25745		35.3		96.49755		48.35634		48.51		52.15672
205		3.808316		3.8		43.53847		7.53993		7.476278		43.33345		29.89562		29.796		97.31573		46.12908		54		7.476278		45.71771		40		29.94329		96.59503		96.24829		47.57436		52.579		52.16776		72.7316		35.2396		35.3		96.23517		48.34088		48.51		52.00103
206		3.81105		3.8		45.09961		7.613692		8.089124		43.82033		29.95647		29.98714		97.47557		46.21091		54		8.089124		45.74593		40		29.95707		96.33656		96.12941		47.54283		52.3795		51.95365		77.91586		35.23045		35.3		96.09718		48.34177		48.51		52.00885
207		3.810258		3.8		44.93793		7.727096		7.502553		43.80499		29.976		29.71687		97.13923		46.14787		54		7.502553		45.77517		40		29.89533		96.20856		96.36556		47.60622		52.27507		51.95049		73.00946		35.24631		35.3		96.32015		48.32931		48.51		51.88299
208		3.806808		3.8		43.42496		7.723331		7.850078		43.91306		29.91743		29.94446		97.40479		46.19766		54		7.850078		45.83209		40		30		96.38068		96.00585		47.48943		52.07949		51.80043		71.66399		35.2133		35.3		95.83812		48.30962		48.51		51.68485
209		3.807936		3.8		44.15613		7.861025		8.534638		44.67722		29.94715		29.78917		97.24411		46.28807		54		8.534638		45.81863		40		29.92246		95.93253		95.69948		47.45559		51.98857		51.78275		67.80734		35.20504		35.3		95.71089		48.31478		48.51		51.73523
210		3.808611		3.8		44.69616		7.894685		8.678124		44.98065		29.89721		29.94371		97.46158		46.31315		54		8.678124		45.89904		40		30		95.94533		95.92263		47.49567		51.87997		51.85913		52.57762		35.20737		35.3		95.73683		48.32994		48.51		51.88557
211		3.806552		3.8		43.85363		7.945518		8.58692		45.03119		30		30		97.45804		46.30989		54		8.58692		45.90308		40		29.98379		95.93597		95.63702		47.40822		51.86445		51.56885		77.27274		35.22325		35.3		95.95692		48.30138		48.51		51.59865
212		3.807345		3.8		44.39308		8.174561		8.136045		44.83114		29.88928		29.91739		97.47977		46.26318		54		8.136045		45.96272		40		30		95.75862		95.56856		47.41052		51.82917		51.49136		83.9748		35.22252		35.3		95.93783		48.30575		48.51		51.64093
213		3.804564		3.8		43.18121		8.230088		8.931861		45.51403		29.93311		29.80752		97.33694		46.36696		54		8.931861		45.94829		40		29.93798		95.76741		96.01922		47.53096		51.76624		51.62777		68.31934		35.20692		35.3		95.70548		48.30326		48.51		51.61462
214		3.803929		3.8		42.98951		8.170119		8.579713		45.6973		29.90539		30		97.59451		46.33211		54		8.579713		45.95659		40		29.95131		95.70337		95.69493		47.48206		51.80731		51.48003		86.25634		35.21655		35.3		95.83551		48.29106		48.51		51.49119
215		3.807548		3.8		44.92248		8.398949		8.54176		45.42738		29.91607		30		97.64981		46.33524		54		8.54176		46.01865		40		29.95895		95.67148		95.63666		47.49189		51.64048		51.42962		78.68651		35.20639		35.3		95.68048		48.28403		48.51		51.41936
216		3.803037		3.8		42.83749		8.376889		8.162421		45.61776		29.9429		29.96377		97.6238		46.29707		54		8.162421		46.05972		40		30		95.61108		95.76105		47.56005		51.58186		51.50055		68.98822		35.20846		35.3		95.70205		48.27068		48.51		51.28432
217		3.8029		3.8		42.80228		8.584645		9.091878		46.28341		29.91713		29.97588		97.65829		46.41692		54		9.091878		46.08503		40		30		95.588		95.28937		47.43895		51.39008		51.25705		74.72491		35.19285		35.3		95.4663		48.27028		48.51		51.27873
218		3.805051		3.8		43.97467		8.750638		8.658175		46.22476		29.98495		29.93604		97.57633		46.37216		54		8.658175		46.08097		40		29.95172		95.20784		95.73617		47.57802		51.27961		51.1038		79.28379		35.19387		35.3		95.46986		48.2503		48.51		51.07729
219		3.803608		3.8		43.36568		8.630956		9.282287		46.45446		29.97739		30		97.67318		46.45516		54		9.282287		46.18937		40		30		95.4521		95.48513		47.54147		51.15678		51.0911		69.7927		35.19278		35.3		95.44504		48.273		48.51		51.30272
220		3.802545		3.8		42.8834		8.648735		8.748588		46.4706		30		29.88906		97.45222		46.39829		54		8.748588		46.14028		40		29.89302		95.32076		95.36093		47.52531		51.20214		51.01327		80.32998		35.18564		35.3		95.33099		48.25899		48.51		51.16089
221		3.803213		3.8		43.32087		8.753046		9.05885		46.72019		29.84128		29.88648		97.63565		46.44334		54		9.05885		46.22026		40		30		95.28007		95.40722		47.55159		51.15357		51.28819		52.73002		35.20004		35.3		95.52786		48.26973		48.51		51.26658
222		3.799977		3.8		41.76065		8.814605		9.388723		47.18286		29.98052		30		97.68094		46.49072		54		9.388723		46.20774		40		29.88577		95.36355		95.41016		47.56242		51.16048		50.93379		84.68167		35.1921		35.3		95.40332		48.25411		48.51		51.10871
223		3.804521		3.8		44.0576		8.989872		9.951453		47.85747		29.92339		30		97.7233		46.56617		54		9.951453		46.26591		40		29.95206		95.08187		95.42315		47.64344		51.19569		50.94967		88.04113		35.19601		35.3		95.44926		48.2548		48.51		51.11379
224		3.799123		3.8		41.45769		9.158801		9.386096		47.88449		29.99513		30		97.66398		46.50539		54		9.386096		46.2605		40		29.81693		95.34899		95.41301		47.65731		51.07966		50.9463		79.51499		35.19006		35.3		95.35376		48.23059		48.51		50.86988
225		3.799904		3.8		41.81453		9.2145		8.963625		47.76325		29.82074		29.97588		97.79327		46.46187		54		8.963625		46.34874		40		30		95.12178		95.09979		47.61971		50.95881		50.96297		68.65204		35.17877		35.3		95.17892		48.21829		48.51		50.7451
226		3.806162		3.8		45.0226		9.263357		9.44294		48.06988		30		30		97.71613		46.52724		54		9.44294		46.34251		40		29.97303		94.91272		95.64159		47.80485		50.75456		50.83405		61.57897		35.1988		35.3		95.45691		48.2438		48.51		50.99837
227		3.801323		3.8		42.7127		9.356974		8.692898		47.75841		29.89347		30		97.82259		46.44414		54		8.692898		46.3826		40		30		95.28754		95.44718		47.78775		50.72027		50.70195		69.03336		35.18531		35.3		95.25311		48.21854		48.51		50.74382
228		3.800986		3.8		42.53712		0.5954389		9.223416		56.62884		30		29.97474		97.72227		46.51567		54		9.223416		46.42941		40		30		100.1975		95.09032		46.20528		50.66581		50.68288		65.26772		35.18723		35.3		95.26966		48.21505		48.51		50.70703
229		3.803621		3.8		43.93948		9.855757		8.89184		57.73627		29.94254		29.98529		97.78595		46.4831		54		8.89184		46.4378		40		30		92.55745		95.70848		47.36427		50.67894		50.79369		56.64559		35.17989		35.3		95.15429		48.19932		48.51		50.54771
230		3.800901		3.8		42.63195		13.67636		9.608296		53.7214		29.9495		30		97.8242		46.57704		54		9.608296		46.43967		40		29.81239		92.58452		95.25475		47.95095		50.60064		50.75397		52.3513		35.18984		35.3		95.28779		48.22586		48.51		50.81125
231		3.802972		3.8		43.71248		10.65253		9.692182		52.13526		29.90442		29.9072		97.68161		46.59462		54		9.692182		46.46054		40		29.88041		94.55776		95.10179		47.93877		50.64255		50.61449		66.99977		35.21045		35.3		95.5735		48.20997		48.51		50.65037
232		3.79936		3.8		41.95086		10.81086		9.784307		51.51356		29.89159		29.89418		97.69801		46.61311		54		9.784307		46.55341		40		30		94.50677		95.32587		48.14402		50.74459		50.63913		74.62891		35.18346		35.3		95.17455		48.22099		48.51		50.75858
233		3.800483		3.8		42.51029		10.67458		9.24071		50.30519		29.92525		29.99627		97.80104		46.55487		54		9.24071		46.55353		40		29.96474		94.6265		95.32562		48.23136		50.74237		50.42858		93.77727		35.17121		35.3		94.98634		48.21099		48.51		50.65652
234		3.802004		3.8		43.30583		10.25195		9.72388		49.98353		29.90859		30		97.87256		46.6206		54		9.72388		46.60268		40		29.97295		94.81033		95.18081		48.25886		50.71693		50.55332		82.46882		35.20107		35.3		95.40571		48.20777		48.51		50.62224
235		3.799808		3.8		42.26546		10.10169		9.765302		49.99428		29.90757		30		97.93811		46.63293		54		9.765302		46.60887		40		29.83901		95.30299		94.86166		48.1568		50.63644		50.51407		80.14991		35.1759		35.3		95.03227		48.19375		48.51		50.48003
236		3.801455		3.8		43.07632		10.09512		9.660666		49.8217		29.86557		29.92327		97.87488		46.62764		54		9.660666		46.60967		40		29.85749		94.81195		95.06054		48.24585		50.54182		50.47801		75.8161		35.16464		35.3		94.85743		48.20047		48.51		50.54512
237		3.801076		3.8		42.9478		10.10722		9.340505		49.5848		29.89464		30		97.9862		46.59631		54		9.340505		46.6516		40		29.87956		95.02834		95.18757		48.27005		50.4413		50.29337		82.78401		35.19423		35.3		95.27289		48.19431		48.51		50.48135
238		3.798702		3.8		41.75691		9.88625		10.11802		49.79419		29.92757		29.88149		97.84562		46.69755		54		10.11802		46.72292		40		30		95.26514		95.40914		48.27573		50.39883		50.56042		55.87066		35.17603		35.3		94.99963		48.18705		48.51		50.40669
239		3.800511		3.8		42.66853		9.953232		9.726832		50.03333		29.98693		30		97.95368		46.65757		54		9.726832		46.74551		40		29.99641		94.89999		94.96741		48.23863		50.36968		50.379		69.04154		35.17675		35.3		94.99822		48.20356		48.51		50.56964
240		3.821105		4		8.275918		10.14926		9.499477		49.5915		29.92955		30		98.016		46.63745		54		9.499477		46.75041		40		29.86683		94.6372		96.20708		48.61939		50.40378		50.44259		66.52862		35.24495		35.3		95.97243		48.19443		48.51		50.47614
241		3.846257		4		16.71096		9.820654		8.864505		48.70029		29.9114		29.85367		97.84993		46.56817		54		8.864505		46.77709		40		29.9018		94.97858		99.01922		49.51933		50.44617		50.72756		44.63936		35.45211		35.3		98.96192		48.22629		48.51		50.79277
242		3.866066		4		23.03704		9.530891		7.128611		46.56467		29.9469		29.77302		97.72896		46.36607		54		7.128611		46.78103		40		29.85626		96.44156		102.0442		50.66649		50.59048		51.4135		0		35.67544		35.3		102.2045		48.27455		48.51		51.27371
243		3.876321		4		24.98126		8.57744		5.524261		43.83262		29.82561		29.77003		97.75136		46.18004		54		5.524261		46.7179		40		29.71584		98.46834		104.142		51.76529		50.74283		52.1567		0		35.82003		35.3		104.3302		48.37		48.51		52.22699
244		3.880833		4		24.22339		7.493999		5.078446		41.50611		29.7999		29.86031		97.86435		46.13405		54		5.078446		46.74099		40		29.79018		100.174		105.323		52.74941		50.90799		52.8434		0		35.9031		35.3		105.5807		48.42334		48.51		52.75965
245		3.891667		4		26.82103		6.457179		2.906723		38.13038		29.85663		29.73644		97.63065		45.87979		54		2.906723		46.70734		40		29.72313		101.7217		106.7901		53.75299		51.16742		53.25491		0		35.97992		35.3		106.75		48.47399		48.51		53.26581
246		3.898499		4		27.61248		5.656974		2.146822		35.18471		29.75887		29.75478		97.65259		45.79615		54		2.146822		46.68659		40		29.68814		103.1494		107.9244		54.63744		51.53249		53.78816		0		36.06828		35.3		108.0927		48.53621		48.51		53.88804
247		3.906255		4		29.06662		4.528852		0.9209966		31.8404		29.76723		29.74187		97.54371		45.65639		54		0.9209966		46.64262		40		29.59525		104.6779		108.8952		55.40123		51.80496		54.2884		6.184717		36.12836		35.3		109.0342		48.59235		48.51		54.44985
248		3.910995		4		29.15874		3.737729		0.5887509		28.69579		29.65152		29.51015		97.39745		45.62466		54		0.5887509		46.68408		40		29.71514		105.8294		110.1684		56.24704		52.07636		54.80257		0		36.18976		35.3		110.0022		48.63709		48.51		54.89796
249		3.917236		4		30.149		3.047161		0		25.75285		29.71989		29.64298		97.46734		45.44152		54		0		46.65865		40		29.6684		107.1264		110.7084		56.8485		52.25337		55.10877		0		36.22043		35.3		110.5314		48.659		48.51		55.11802
250		3.923112		4		31.07974		2.497916		0.6283513		24.00428		29.63298		29.59454		97.39718		45.38133		54		0.6283513		46.64162		40		29.64248		107.8932		111.5903		57.54553		52.44028		55.8391		0		36.28577		35.3		111.5651		48.69533		48.51		55.48259
251		3.92711		4		31.22198		2.14637		0		22.13616		29.68351		29.5028		97.13333		45.15031		54		0		46.58441		40		29.51645		108.7726		112.0533		58.14189		52.53014		56.02146		0		36.33839		35.3		112.4199		48.73825		48.51		55.91323
252		3.931446		4		31.65592		1.946693		0		20.62697		29.54514		29.50523		97.22537		45.0678		54		0		46.58385		40		29.53147		109.4253		112.7773		58.8268		52.65914		56.43321		2.961943		36.35998		35.3		112.8316		48.78834		48.51		56.41596
253		3.934076		4		31.29204		1.60978		0		19.27712		29.6212		29.39567		96.90426		45.00374		54		0		46.50968		40		29.36305		110.0291		113.4933		59.50656		52.76717		56.66556		0		36.38297		35.3		113.2667		48.82392		48.51		56.7737
254		3.940404		4		32.917		1.416254		0		18.12048		29.37377		29.23732		96.84029		44.92839		54		0		46.59071		40		29.58105		110.5688		113.8848		60.11628		52.92032		56.93247		0		36.44033		35.3		114.1999		48.84107		48.51		56.9474
255		3.94262		4		32.56874		1.222791		0		17.09784		29.60549		29.35844		96.65711		44.8527		54		0		46.50944		40		29.39486		111.1783		114.5329		60.76219		52.99969		57.33968		0		36.47601		35.3		114.8236		48.86842		48.51		57.2233
256		3.947462		4		33.62246		1.092822		0		16.20671		29.33552		29.30691		96.74667		44.66141		54		0		46.46978		40		29.31224		111.6861		114.9539		61.39402		53.14017		57.44985		0		36.48569		35.3		115.0757		48.9018		48.51		57.55963
257		3.950053		4		33.64009		0.9626788		0.4551148		15.92884		29.38824		29.18395		96.56312		44.64569		54		0.4551148		46.5073		40		29.42182		112.0098		115.4893		62.08236		53.2425		57.73236		0		36.50934		35.3		115.5312		48.91412		48.51		57.68546
258		3.951893		4		33.38288		0.9826552		0.4505155		15.33854		29.42068		29.29444		96.56034		44.65045		54		0.4505155		46.45278		40		29.30213		112.4072		115.9819		62.77018		53.3977		57.92706		0		36.54322		35.3		116.1367		48.92293		48.51		57.77631
259		3.955526		4		34.06336		0.8661953		0		14.58842		29.29119		29.29716		96.64498		44.51293		54		0		46.38798		40		29.15682		112.8626		116.4757		63.47199		53.52896		57.96513		1.876908		36.57136		35.3		116.6625		48.94631		48.51		58.01302
260		3.959625		4		35.056		0.8173885		0.2766935		14.06684		29.24499		29.31063		96.66019		44.44231		54		0.2766935		46.44911		40		29.32504		113.2378		117.1759		64.23051		53.64981		58.35323		0		36.589		35.3		117.039		48.95652		48.51		58.11816
261		3.959581		4		34.03682		0.7664904		0.1207536		13.40621		29.39922		29.2632		96.44907		44.37575		54		0.1207536		46.40591		40		29.23346		113.5737		117.5049		64.96736		53.7405		58.54532		0		36.59862		35.3		117.3027		48.98848		48.51		58.44085
262		3.962658		4		34.62074		0.6434377		0		12.85097		29.26364		29.16313		96.42631		44.26217		54		0		46.44806		40		29.35439		113.8591		117.6934		65.65042		53.87155		58.63877		0		36.6218		35.3		117.7621		49.01		48.51		58.65936
263		3.969265		4		37.06471		0.616739		0		12.45133		29.36457		29.27652		96.39479		44.17795		54		0		46.37064		40		29.17755		114.2029		118.3771		66.47246		54.02049		58.69429		0		36.64754		35.3		118.2618		49.01918		48.51		58.75443
264		3.967028		4		35.13706		0.6046632		0.1240533		12.03143		29.21027		29.29751		96.54366		44.17853		54		0.1240533		46.40182		40		29.27112		114.6118		118.6545		67.2455		54.10456		58.81451		3.049723		36.67072		35.3		118.7273		49.03716		48.51		58.93769
265		3.969302		4		35.45045		0.5793981		0.09471507		11.58962		29.3388		29.15928		96.29841		44.10281		54		0.09471507		46.37734		40		29.22609		114.8756		118.9401		68.03761		54.28111		58.95034		0		36.68213		35.3		119.0243		49.03996		48.51		58.96928
266		3.973263		4		36.70909		0.5064697		0.0545167		11.26228		29.19832		29.37108		96.69265		44.01971		54		0.0545167		46.40399		40		29.30843		115.1134		119.4363		68.89098		54.41118		59.10284		0		36.71245		35.3		119.5952		49.04178		48.51		58.99101
267		3.972323		4		35.55388		0.4917707		0		10.96048		29.39133		29.22125		96.40512		43.92533		54		0		46.45606		40		29.45407		115.5562		119.7256		69.69237		54.44428		59.17933		0.160683		36.71203		35.3		119.7251		49.0595		48.51		59.17188
268		3.975071		4		36.27234		0.4487293		0.4019176		10.96033		29.32814		29.13867		96.4077		43.90597		54		0.4019176		46.36339		40		29.23929		115.6512		119.9682		70.53062		54.63916		59.3861		0		36.73039		35.3		119.8748		49.08438		48.51		59.42444
269		3.975894		4		36.07547		0.4712325		0.4755999		10.689		29.26572		29.46593		96.87843		43.87661		54		0.4755999		46.42348		40		29.40494		115.8618		120		71.28525		54.75339		59.29719		8.979473		36.74092		35.3		119.7576		49.08122		48.51		59.39659
270		3.979524		4		37.3232		0.4302973		0		10.31382		29.47294		29.28674		96.58749		43.75534		54		0		46.42972		40		29.43652		116		120		72.00102		54.82236		59.38093		1.03371		36.74682		35.3		119.5704		49.10277		48.51		59.61585
271		3.980758		4		37.4553		0.3505806		0		10.20253		29.41749		29.54807		96.90638		43.6819		54		0		46.44047		40		29.4793		116.2049		120		72.68386		54.97577		59.61447		0		36.78931		35.3		120		49.09486		48.51		59.54065
272		3.978309		4		35.72307		0.436447		0.6663785		10.28846		29.48079		29.56161		96.95828		43.67452		54		0.6663785		46.4461		40		29.50944		116.4044		120		73.31836		55.03188		59.53123		0		36.79255		35.3		119.929		49.11289		48.51		59.72488
273		3.98347		4		37.84384		0.3908435		0.1696908		9.979103		29.50493		29.75751		97.224		43.54438		54		0.1696908		46.44739		40		29.52876		116.4593		119.9515		73.94516		55.21653		59.57173		0		36.77796		35.3		119.8612		49.11318		48.51		59.73176
274		3.984172		4		37.77928		0.4066238		0		9.967395		29.49407		29.70748		97.25519		43.49638		54		0		46.48871		40		29.64781		116.6143		120		74.55732		55.34382		59.78191		0		36.81408		35.3		120		49.10799		48.51		59.68396
275		3.98444		4		37.47392		0.381526		0		9.858511		29.63004		29.68478		97.18452		43.39859		54		0		46.47129		40		29.62057		116.7685		119.9308		75.10788		55.46534		59.75269		0		36.82581		35.3		120		49.11457		48.51		59.75379
276		3.984629		4		37.19955		0.3947927		0.6686261		10.1353		29.55337		29.69078		97.33663		43.44932		54		0.6686261		46.51054		40		29.73449		116.8593		119.956		75.69238		55.53793		60.0749		0		36.80849		35.3		119.7938		49.12618		48.51		59.87392
277		3.983994		4		36.49054		0.3861817		0		9.59041		29.70081		29.90705		97.581		43.29637		54		0		46.56509		40		29.88661		116.9808		119.937		76.21875		55.72538		59.80919		2.780857		36.81787		35.3		119.8185		49.11808		48.51		59.797
278		3.985838		4		37.04888		0.3469592		0		9.487359		29.85369		29.92553		97.55386		43.21785		54		0		46.58376		40		29.94945		117.0418		119.8343		76.70682		55.81502		59.57024		21.97452		36.82075		35.3		119.8274		49.13065		48.51		59.92676
279		3.987196		4		37.38482		0.3809804		0.2853052		9.676083		29.8774		29.9728		97.6743		43.26302		54		0.2853052		46.64101		40		30		117.1544		120		77.2523		55.89679		59.7268		14.21691		36.82849		35.3		119.875		49.1348		48.51		59.97239
280		3.988766		4		37.86331		0.3981662		0.04194295		9.455237		29.90902		29.98283		97.69706		43.22852		54		0.04194295		46.63825		40		29.93517		117.1986		120		77.75633		56.01573		60.03952		0		36.84756		35.3		120		49.13589		48.51		59.98744
281		3.98736		4		36.86582		0.3191096		0		9.435188		29.86767		29.8034		97.54626		43.11269		54		0		46.70827		40		30		117.3565		120		78.22292		56.19723		60.10412		0		36.85738		35.3		119.9667		49.13587		48.51		59.99143
282		3.990042		4		37.9131		0.3360553		0		9.436019		29.94952		29.89705		97.56008		42.97336		54		0		46.61278		40		29.77877		117.3161		120		78.70765		56.2813		60.01935		0		36.8565		35.3		119.8156		49.14915		48.51		60.12842
283		3.991491		4		38.41374		0.3857642		1.339108		10.05774		29.79898		29.86455		97.70905		43.07765		54		1.339108		46.70329		40		29.94389		117.4352		119.9747		79.14556		56.40438		60.06709		0		36.86158		35.3		120		49.12821		48.51		59.92327
284		3.989813		4		37.29674		0.3224479		0.1200517		9.662815		29.98196		29.96082		97.7365		42.94145		54		0.1200517		46.71676		40		29.93935		117.5203		120		79.60392		56.49543		60.07819		0		36.85742		35.3		119.7737		49.14502		48.51		60.09556
285		3.991767		4		38.03049		0.3094982		0		9.364917		29.85731		30		97.9467		42.90809		54		0		46.76179		40		29.98738		117.5951		120		80.01922		56.61944		60.09934		0		36.86622		35.3		119.699		49.11665		48.51		59.81597
286		3.990969		4		37.41042		0.3337619		0.1487539		9.442585		29.97695		29.97936		97.83618		42.88001		54		0.1487539		46.81755		40		30		117.6701		119.842		80.38687		56.70256		60.05303		0		36.86604		35.3		119.847		49.14898		48.51		60.14351
287		3.990453		4		36.89539		0.3279716		0		9.1136		29.99524		30		97.8324		42.79587		54		0		46.82078		40		29.93066		117.6648		120		80.81889		56.88955		60.04139		3.183719		36.87557		35.3		120		49.12823		48.51		59.94014
288		3.994155		4		38.55342		0.2488346		0		8.881009		29.90619		30		97.92764		42.67672		54		0		46.90251		40		30		117.6732		120		81.2413		57.01405		59.86578		11.63239		36.88515		35.3		120		49.14216		48.51		60.08358
289		3.992322		4		37.46508		0.3091779		0		8.697145		30		30		97.78692		42.62659		54		0		46.89543		40		29.99472		117.841		120		81.6117		57.0856		60.23165		0		36.88697		35.3		119.9863		49.1561		48.51		60.22718
290		3.989402		4		35.81593		0.3026178		0.2879821		8.944787		29.9699		29.93701		97.76486		42.67269		54		0.2879821		46.96617		40		30		117.9292		119.7616		81.91917		57.19302		59.89544		17.90191		36.88441		35.3		120		49.13121		48.51		59.98248
291		3.99445		4		38.11207		0.255492		0.34554		8.85089		30		30		97.7794		42.61438		54		0.34554		47.02103		40		30		117.8345		119.9725		82.34492		57.33758		60.125		0		36.87496		35.3		120		49.1466		48.51		60.14051
292		3.996333		4		38.92925		0.3316139		0.7650263		9.100632		30		30		97.75614		42.60156		54		0.7650263		47.02775		40		29.98279		117.9191		119.9045		82.70863		57.46535		59.85362		33.37865		36.89064		35.3		119.888		49.14295		48.51		60.10824
293		3.989031		4		35.07988		0.3244993		0.3571217		8.978425		29.98344		29.99688		97.77762		42.49144		54		0.3571217		47.07411		40		30		118.0098		120		83.06876		57.55624		59.83424		26.74649		36.86802		35.3		119.5394		49.1333		48.51		60.01582
294		3.992903		4		36.8036		0.301615		0.03111016		8.85841		30		29.98897		97.74782		42.44149		54		0.03111016		47.11368		40		30		117.9215		120		83.40064		57.65136		59.97582		2.673107		36.86723		35.3		119.6241		49.10708		48.51		59.75776
295		3.997869		4		39.19122		0.278893		0.3412055		9.039651		30		29.98163		97.72071		42.38757		54		0.3412055		47.15107		40		30		118.0171		120		83.73508		57.77103		60.04933		0		36.9081		35.3		120		49.11784		48.51		59.86941
296		3.9929		4		36.55987		0.2743754		0.3965202		8.876354		30		30		97.74409		42.34191		54		0.3965202		47.18909		40		29.9688		118.0991		119.9529		84.06071		57.8436		59.89163		10.34519		36.8904		35.3		119.8683		49.13901		48.51		60.08527
297		3.994837		4		37.37697		0.2695487		0.2334943		8.765714		29.99187		30		97.73671		42.29418		54		0.2334943		47.27509		40		30		118.0292		119.898		84.40742		57.99312		59.93422		11.11465		36.89112		35.3		119.8372		49.11916		48.51		59.89074
298		3.993968		4		36.84578		0.2704567		0.3542531		8.656214		30		29.99743		97.68884		42.21137		54		0.3542531		47.33205		40		30		118.1667		119.7056		84.68679		58.05536		59.94171		2.754372		36.91706		35.3		120		49.13893		48.51		60.09259
299		3.992864		4		36.151		0.2345747		0.1869567		8.635151		29.98341		30		97.6563		42.13888		54		0.1869567		47.32206		40		29.81564		118.1942		119.6887		84.98938		58.19622		59.96295		11.02534		36.91247		35.3		120		49.12207		48.51		59.92809
300		3.993729		4		36.41812		0.3076456		0.8226776		8.990255		29.93535		30		97.63892		42.17751		54		0.8226776		47.35242		40		29.87836		118.1413		119.6713		85.27237		58.33484		59.80613		22.74057		36.90509		35.3		120		49.10612		48.51		59.77267
301		3.997947		4		38.43203		0.2567914		0		8.482633		29.9321		29.96196		97.60595		42.00118		54		0		47.43366		40		30		118.1756		119.7166		85.57357		58.43148		59.94363		7.089181		36.89754		35.3		119.8151		49.12753		48.51		59.9908
302		3.996266		4		37.51446		0.2663013		0		8.276505		29.99021		29.94828		97.50943		41.97819		54		0		47.47676		40		29.97262		118.2698		119.759		85.87805		58.4756		59.80085		12.17917		36.89443		35.3		119.7697		49.11365		48.51		59.856
303		3.998504		4		38.51321		0.2229494		0.8920129		8.689923		29.97081		30		97.58277		41.96762		54		0.8920129		47.49932		40		29.94517		118.2336		119.8789		86.20835		58.62925		59.80295		14.92832		36.90447		35.3		119.9599		49.0962		48.51		59.68541
304		3.997724		4		38.0719		0.2578345		0		8.523365		30		29.99713		97.51382		41.83483		54		0		47.55271		40		29.88134		118.3306		119.7546		86.48148		58.80381		59.75159		24.98688		36.9065		35.3		119.7851		49.10473		48.51		59.77473
305		3.993983		4		36.09527		0.2674371		1.126327		9.112431		29.99739		30		97.47196		41.90323		54		1.126327		47.66417		40		30		118.3702		119.5138		86.702		58.81245		59.98985		0		36.90355		35.3		119.5841		49.10892		48.51		59.82062
306		3.998101		4		38.02477		0.2933457		0		8.850811		29.99139		29.96652		97.42085		41.71297		54		0		47.66995		40		30		118.1499		119.745		87.02334		58.95615		59.7481		25.72817		36.90062		35.3		119.6954		49.0951		48.51		59.68636
307		3.995523		4		36.67245		0.287993		0		8.630794		29.97361		29.867		97.28357		41.64613		54		0		47.74985		40		29.98797		118.3935		119.7212		87.26737		59.03113		59.57407		41.6828		36.91211		35.3		119.8825		49.10271		48.51		59.76637
308		3.998459		4		38.03638		0.26695		0.2668214		8.741253		29.96701		29.94274		97.33766		41.69067		54		0.2668214		47.77659		40		29.94067		118.2749		119.7717		87.56772		59.15503		59.60393		44.93102		36.89244		35.3		119.5477		49.08802		48.51		59.62335
309		3.998777		4		38.1573		0.2610521		0.5068383		8.908109		29.96918		29.94362		97.31732		41.65836		54		0.5068383		47.82435		40		29.92974		118.3637		120		87.86295		59.15662		59.77756		25.46235		36.90298		35.3		119.7853		49.09783		48.51		59.72528
310		3.996588		4		36.97428		0.2957024		0		8.706862		29.98311		30		97.35604		41.51272		54		0		47.90578		40		29.86357		118.3621		120		88.14259		59.28374		59.68559		40.45918		36.89868		35.3		119.7848		49.09648		48.51		59.7157
311		3.996723		4		36.98034		0.2956379		0.0782832		8.61268		29.9539		30		97.28661		41.51374		54		0.0782832		47.93404		40		29.9129		118.4215		119.8546		88.36964		59.42302		59.56995		59.77519		36.90384		35.3		119.6909		49.06653		48.51		59.41997
312		3.997069		4		37.07323		0.260915		0.1829951		8.497507		29.98376		30		97.26736		41.48464		54		0.1829951		47.97499		40		29.93889		118.445		119.7269		88.58727		59.31548		59.62498		43.59482		36.89412		35.3		119.6773		49.08243		48.51		59.58282
313		3.997567		4		37.23554		0.2701146		0.2413634		8.591091		29.98681		30		97.27446		41.38339		54		0.2413634		48.03359		40		29.92258		118.4073		120		88.89895		59.27393		59.50189		48.16781		36.90943		35.3		119.8789		49.07048		48.51		59.46713
314		3.998431		4		37.62615		0.3314921		0		8.558666		29.99413		30		97.29368		41.25365		54		0		48.07512		40		29.84006		118.4509		120		89.17617		59.34388		59.66555		38.13921		36.92404		35.3		120		49.06515		48.51		59.4176
315		3.995607		4		36.12767		0.2972538		0.8793628		8.933687		29.91525		30		97.36198		41.35111		54		0.8793628		48.20785		40		30		118.5279		119.8296		89.39188		59.33116		59.425		56.31317		36.91382		35.3		119.9765		49.07174		48.51		59.48722
316		3.997899		4		37.19201		0.3097227		0.05307048		8.78522		29.96983		30		97.32802		41.17045		54		0.05307048		48.22208		40		30		118.427		120		89.71161		59.3708		59.40574		60.65711		36.90549		35.3		119.9631		49.07222		48.51		59.49577
317		3.999824		4		38.13732		0.2894344		0.06056776		8.709565		29.99739		29.97712		97.22457		41.18417		54		0.06056776		48.26184		40		29.99283		118.4653		120		89.98941		59.30318		59.49814		45.51251		36.90778		35.3		119.5727		49.06323		48.51		59.40962
318		3.952814		3.8		78.52526		0.3077274		0.9931839		9.194806		30		30		97.226		41.24464		54		0.9931839		48.23814		40		29.70474		119.8955		117.5297		89.33256		59.36078		59.2085		74.94436		36.73883		35.3		117.289		49.05171		48.51		59.29813
319		3.875763		3.8		42.79389		0.3240791		2.78897		10.92614		29.84021		29.90044		97.25572		41.4742		54		2.78897		48.36227		40		29.94917		120		110.5894		87.14334		59.31561		58.38675		100		36.28161		35.3		110.8191		48.97237		48.51		58.50803
320		3.84128		3.8		26.75656		0.4115762		4.293197		14.16484		29.99389		30		97.26967		41.6683		54		4.293197		48.51534		40		29.95265		119.9934		103.9653		83.68058		59.1338		57.03576		100		35.80342		35.3		103.9975		48.82801		48.51		57.06693
321		3.85995		3.8		37.34063		0.7860787		5.880515		18.31962		29.96938		30		97.28239		41.87227		54		5.880515		48.69989		40		30		118.7703		102.1709		80.53948		58.81775		56.10315		100		35.68478		35.3		102.3279		48.72529		48.51		56.04146
322		3.884915		3.8		51.62847		1.318893		5.476503		22.04911		29.95932		30		97.27861		41.83563		54		5.476503		48.88669		40		30		117.5882		103.3372		78.04156		58.51928		55.40323		100		35.75859		35.3		103.4308		48.63521		48.51		55.14177
323		3.881177		3.8		51.88594		1.847393		5.50944		25.12769		30		30		97.20701		41.85179		54		5.50944		49.01929		40		30		117.2222		104.5528		75.82261		58.20893		54.80303		100		35.83731		35.3		104.6133		48.60224		48.51		54.81293
324		3.87369		3.8		50.04351		2.439106		5.745124		28.14107		30		30		97.1926		41.89237		54		5.745124		49.10511		40		29.89441		116.4318		104.2091		73.57552		57.83931		54.33817		100		35.81104		35.3		104.2846		48.56906		48.51		54.48161
325		3.872773		3.8		51.389		2.992724		6.463401		30.85815		30		30		97.17412		41.99123		54		6.463401		49.30515		40		30		115.3225		103.7904		71.4707		57.53443		53.7335		100		35.77312		35.3		103.7847		48.50288		48.51		53.81982
326		3.868323		3.8		50.94261		3.708654		6.430481		33.31142		30		30		97.1733		41.99926		54		6.430481		49.43053		40		29.78717		114.3166		103.58		69.53402		57.27714		53.49719		100		35.74308		35.3		103.3966		48.46803		48.51		53.47115
327		3.862958		3.8		49.84833		4.169606		6.538849		35.32682		29.93287		29.95069		97.15209		42.02436		54		6.538849		49.55734		40		30		113.3087		102.5987		67.52911		56.92102		53.11228		100		35.69007		35.3		102.6732		48.43219		48.51		53.11236
328		3.863412		3.8		51.64135		4.590275		6.177531		36.78941		30		30		97.1542		41.99271		54		6.177531		49.65364		40		29.87423		112.3441		102.6743		65.82275		56.65239		52.85867		100		35.68304		35.3		102.6098		48.39025		48.51		52.69224
329		3.85736		3.8		50.13522		5.297119		6.691144		38.14011		30		30		97.12199		42.0667		54		6.691144		49.83207		40		30		111.3359		102.0174		64.09955		56.29774		52.44669		100		35.66326		35.3		102.3599		48.36868		48.51		52.47574
330		3.851664		3.8		48.60627		5.516537		6.531599		39.03395		30		30		97.0894		42.05938		54		6.531599		49.8797		40		29.94865		110.4538		101.4933		62.45466		55.93376		52.06742		100		35.6025		35.3		101.5154		48.33626		48.51		52.15046
331		3.855915		3.8		52.02204		5.827683		6.780733		40.10744		29.99626		30		97.07407		42.10136		54		6.780733		50.00395		40		29.91734		109.3035		101.3339		61.00788		55.60457		51.95444		89.93278		35.61685		35.3		101.7501		48.31985		48.51		51.98503
332		3.848105		3.8		49.44552		6.132302		6.887295		40.83033		29.95461		30		97.04508		42.12611		54		6.887295		50.07906		40		30		108.7326		101.1874		59.6306		55.27529		51.79556		85.49747		35.57287		35.3		101.1441		48.29001		48.51		51.68519
333		3.844502		3.8		48.77367		6.421292		7.347159		41.62514		30		30		96.98997		42.19349		54		7.347159		50.16894		40		30		107.6575		100.4366		58.28922		55.04824		51.22186		100		35.5287		35.3		100.5315		48.25834		48.51		51.36686
334		3.846192		3.8		50.72639		6.63243		7.225798		41.8766		29.98004		30		97.00072		42.19068		54		7.225798		50.24358		40		29.98631		106.6494		100.2505		57.13599		54.76782		51.35472		86.16121		35.5084		35.3		100.2596		48.25203		48.51		51.30201
335		3.840973		3.8		49.20792		6.765429		7.305955		42.17303		30		30		96.96806		42.21219		54		7.305955		50.25437		40		29.92242		106.0491		100.271		56.09943		54.56628		51.09228		100		35.51284		35.3		100.3444		48.23531		48.51		51.13297
336		3.839224		3.8		49.34093		6.7342		7.60693		42.75312		29.96992		30		96.98282		42.26032		54		7.60693		50.33447		40		29.94003		105.4357		99.89202		55.05397		54.2694		50.99538		97.56139		35.47905		35.3		99.87584		48.2157		48.51		50.93495
337		3.838083		3.8		49.7128		7.209536		7.179553		42.95915		29.97276		29.91202		96.86975		42.22044		54		7.179553		50.40961		40		29.98847		104.302		99.6176		54.2189		53.97439		50.75889		100		35.44837		35.3		99.44984		48.20743		48.51		50.85019
338		3.833685		3.8		48.39967		7.251152		7.873956		43.27469		30		30		96.93442		42.31606		54		7.873956		50.4832		40		30		103.7391		98.99709		53.302		53.7101		50.56052		92.17101		35.43434		35.3		99.2611		48.16635		48.51		50.43715
339		3.831009		3.8		47.90153		7.293621		7.528731		43.29313		30		29.84977		96.69273		42.28609		54		7.528731		50.53301		40		30		103.1355		98.84029		52.54627		53.41015		50.4824		79.8231		35.41701		35.3		99.02297		48.16758		48.51		50.44725
340		3.832955		3.8		49.63923		7.366182		7.782979		43.71112		29.93678		29.92774		96.79189		42.32848		54		7.782979		50.48959		40		29.83011		102.4541		98.83636		51.91295		53.16368		50.19645		100		35.41232		35.3		98.96547		48.14561		48.51		50.22514
341		3.832428		3.8		50.16614		7.487207		8.126772		44.16177		29.84859		29.90089		96.83444		42.38166		54		8.126772		50.55836		40		30		101.8223		98.47478		51.30297		52.91484		49.97567		100		35.41433		35.3		99.00376		48.14045		48.51		50.17104
342		3.827407		3.8		48.4049		7.742719		8.429864		44.52159		29.98731		29.94767		96.80615		42.42989		54		8.429864		50.63124		40		30		101.3314		98.58476		50.87055		52.71648		50.02057		93.09664		35.37766		35.3		98.48448		48.1179		48.51		49.94295
343		3.825009		3.8		47.8398		7.803845		8.373539		44.72549		29.95688		29.98324		96.79122		42.4347		54		8.373539		50.68061		40		30		100.7156		98.13579		50.37545		52.41435		49.82099		100		35.35083		35.3		98.10379		48.10694		48.51		49.83072
344		3.826703		3.8		49.3299		7.959097		7.851967		44.87662		29.9387		29.9132		96.67505		42.38328		54		7.851967		50.64718		40		29.94321		100.0438		97.959		50.00991		52.19349		49.64126		100		35.3649		35.3		98.31133		48.10503		48.51		49.80886
345		3.823778		3.8		48.52279		7.915561		7.943158		45.03554		29.87823		30		96.90632		42.40588		54		7.943158		50.69205		40		30		99.92512		98.12653		49.7077		51.94489		49.69506		93.56879		35.34229		35.3		97.99056		48.10618		48.51		49.81763
346		3.821351		3.8		47.85775		8.359305		8.843978		45.63154		29.91721		29.94245		96.83954		42.52618		54		8.843978		50.67566		40		29.98573		99.17814		97.61128		49.41188		51.7875		49.44783		100		35.30353		35.3		97.43511		48.07435		48.51		49.49651
347		3.822046		3.8		48.77395		8.312871		8.254528		45.57496		29.97712		29.98934		96.85098		42.4665		54		8.254528		50.69521		40		30		98.82973		97.7083		49.23053		51.60021		49.49496		91.60405		35.32368		35.3		97.72753		48.07794		48.51		49.52947
348		3.818233		3.8		47.39563		8.405773		9.053897		46.13723		29.95248		29.91474		96.80147		42.57451		54		9.053897		50.72569		40		30		98.83431		97.48895		48.92553		51.37821		49.38468		98.62586		35.30932		35.3		97.52098		48.08046		48.51		49.55186
349		3.818798		3.8		48.15512		8.489668		8.609041		46.21556		29.92251		29.87969		96.83169		42.53224		54		8.609041		50.72877		40		29.95527		98.25177		97.32474		48.77933		51.16383		49.15825		100		35.29679		35.3		97.34047		48.05623		48.51		49.30655
350		3.817461		3.8		47.93559		8.633414		8.52973		46.56636		29.95019		29.99267		96.94615		42.53407		54		8.52973		50.69196		40		29.84726		98.06578		97.18332		48.59683		51.00787		49.265		92.07365		35.27928		35.3		97.08667		48.05739		48.51		49.31509
351		3.817834		3.8		48.57145		8.872714		9.875134		47.43164		29.8955		29.96432		96.93232		42.70793		54		9.875134		50.77807		40		30		97.64599		97.31021		48.5533		50.83368		49.26753		90.9308		35.26684		35.3		96.90567		48.02968		48.51		49.03486
352		3.815064		3.8		47.58481		9.028023		9.068977		47.41777		29.97633		29.85558		96.76138		42.62192		54		9.068977		50.74331		40		29.94021		97.50246		96.87338		48.37881		50.54921		49.16735		72.80274		35.263		35.3		96.8475		48.04789		48.51		49.21386
353		3.812187		3.8		46.50409		9.181125		9.808392		48.0907		29.89111		29.93938		96.93527		42.72253		54		9.808392		50.78268		40		29.98153		97.25571		96.67691		48.26814		50.46476		48.97522		93.64506		35.26146		35.3		96.82133		48.03818		48.51		49.11361
354		3.812188		3.8		46.83492		9.446092		9.006766		47.98577		29.93561		30		96.95832		42.63701		54		9.006766		50.71965		40		29.83041		97.03684		96.45304		48.1546		50.38406		48.75472		100		35.2427		35.3		96.54545		48.02862		48.51		49.01478
355		3.813673		3.8		47.91361		9.447574		9.481892		48.39628		29.85013		29.89114		96.92741		42.70566		54		9.481892		50.73254		40		29.88925		96.76239		96.52519		48.13005		50.28531		48.99484		82.39296		35.24402		35.3		96.55815		48.0159		48.51		48.88433
356		3.813675		3.8		48.2859		9.560794		9.553328		48.46112		29.86681		30		97.11176		42.72556		54		9.553328		50.7988		40		30		96.73049		96.43979		48.07852		50.16003		48.93027		88.79802		35.23977		35.3		96.49122		48.01152		48.51		48.83728
357		3.810591		3.8		47.03311		9.507935		9.950063		49.11504		30		29.81976		96.78327		42.78468		54		9.950063		50.68172		40		29.68558		96.67417		96.17016		47.96549		49.91616		48.71991		96.26568		35.23621		35.3		96.43308		48.01726		48.51		48.89133
358		3.812397		3.8		48.23798		9.635694		10.17831		49.35771		29.71642		29.92758		97.15828		42.82347		54		10.17831		50.75915		40		29.90518		96.4736		96.26965		47.98332		49.72174		49.03917		60.25982		35.22338		35.3		96.24147		47.99643		48.51		48.6797
359		3.80901		3.8		46.82618		9.764333		10.07352		49.63435		30		29.90855		96.88761		42.82199		54		10.07352		50.81608		40		30		96.38257		96.25036		47.97362		49.53747		48.83966		69.53773		35.21854		35.3		96.1645		48.00512		48.51		48.76321
360		3.811566		3.8		48.33142		10.14854		10.20407		50.06761		29.95742		29.89518		96.84374		42.84887		54		10.20407		50.73341		40		29.82089		96.05975		96.30179		48.03648		49.47515		48.71945		80.64563		35.22541		35.3		96.25638		47.99651		48.51		48.67367
361		3.808601		3.8		47.12089		10.2288		10.93611		50.55948		29.84583		29.73204		96.76563		42.9484		54		10.93611		50.77748		40		29.95742		96.13802		96.17374		48.00602		49.35602		48.58705		86.9953		35.22374		35.3		96.2242		48.00075		48.51		48.71265
362		3.809719		3.8		47.90935		10.06696		10.57777		50.8678		29.92494		29.85591		96.8296		42.91621		54		10.57777		50.7336		40		29.87488		96.15592		96.06024		47.97514		49.28869		48.47565		96.36044		35.2047		35.3		95.94156		47.9866		48.51		48.56762
363		3.808866		3.8		47.70867		10.49041		11.09655		51.28317		29.82529		29.86895		96.93654		42.98992		54		11.09655		50.70317		40		29.69904		95.83772		96.17268		48.05998		49.1683		48.62711		78.05024		35.19824		35.3		95.83978		47.98235		48.51		48.52166
364		3.807126		3.8		47.03467		10.64173		10.52064		51.27239		29.80284		29.72043		96.77856		42.9314		54		10.52064		50.70318		40		29.72579		95.73229		95.61023		47.97671		49.03228		48.63106		70.26207		35.17413		35.3		95.48205		47.99383		48.51		48.63307
365		3.806949		3.8		47.12907		10.76941		10.96304		51.37844		29.81816		29.73716		96.76072		42.99587		54		10.96304		50.71207		40		29.77462		95.54152		95.42447		47.98975		49.01121		48.51925		81.8672		35.18207		35.3		95.5861		47.96341		48.51		48.32527
366		3.806839		3.8		47.21923		10.59939		10.36812		51.33682		29.83957		29.67932		96.65388		42.93504		54		10.36812		50.70119		40		29.7742		95.71146		95.60129		48.00726		48.83127		48.48228		73.50358		35.18909		35.3		95.67661		47.98765		48.51		48.56415
367		3.806865		3.8		47.42917		10.78508		11.30304		51.885		29.78208		29.90432		96.90959		43.05893		54		11.30304		50.7326		40		29.87906		95.62469		95.65411		48.04282		48.60597		48.46855		57.12139		35.18408		35.3		95.59396		47.98111		48.51		48.49525
368		3.802876		3.8		45.55672		10.9865		11.52498		52.46153		29.84996		29.72455		96.64964		43.09664		54		11.52498		50.69858		40		29.82095		95.53975		95.30782		47.98987		48.62242		48.46865		60.41019		35.17376		35.3		95.43377		47.98124		48.51		48.49304
369		3.806277		3.8		47.36732		11.10609		11.23946		52.81855		29.72422		29.90027		96.98988		43.07305		54		11.23946		50.6751		40		29.78914		95.31214		95.62963		48.09989		48.67051		48.21282		88.86396		35.17797		35.3		95.48274		47.97516		48.51		48.42854
370		3.804108		3.8		46.44412		11.46253		11.05879		52.8014		29.84339		29.57388		96.52191		43.06213		54		11.05879		50.6486		40		29.74969		95.26864		95.42861		48.10444		48.67834		48.30371		84.65346		35.18714		35.3		95.60296		47.95652		48.51		48.23852
371		3.803296		3.8		46.11769		11.39992		10.77153		52.77795		29.77997		29.66135		96.61661		43.03832		54		10.77153		50.67387		40		29.8391		95.29375		94.95813		48.01492		48.52471		48.29139		74.54673		35.1762		35.3		95.43202		47.96027		48.51		48.27244
372		3.803698		3.8		46.41975		11.49157		12.20445		53.6494		29.78537		29.71887		96.65331		43.22219		54		12.20445		50.63454		40		29.76761		95.02005		95.37719		48.16556		48.41506		48.22524		72.0431		35.15347		35.3		95.09133		47.95947		48.51		48.26082
373		3.802549		3.8		45.96269		11.80494		12.36175		53.8969		29.68657		29.6574		96.64834		43.25199		54		12.36175		50.65714		40		29.85034		94.9873		94.87406		48.1064		48.38194		48.19475		72.79503		35.17963		35.3		95.45502		47.95275		48.51		48.18994
374		3.805582		3.8		47.56012		11.62891		12.00429		54.07948		29.74718		29.86169		96.88617		43.21961		54		12.00429		50.65324		40		29.86709		95.16412		95.17353		48.16803		48.30669		48.26996		60.23754		35.17336		35.3		95.35172		47.96554		48.51		48.31422
375		3.801799		3.8		45.78654		11.88666		11.96945		54.3219		29.76708		29.7987		96.85372		43.22616		54		11.96945		50.55287		40		29.64361		95.00866		95.24037		48.25401		48.325		48.07594		79.02442		35.1589		35.3		95.13074		47.94938		48.51		48.14886
376		3.801103		3.8		45.4744		12.12598		12.48251		54.91409		29.6446		29.77545		96.94268		43.29883		54		12.48251		50.58867		40		29.7591		94.8087		95.03552		48.2926		48.31405		48.25621		63.42953		35.1694		35.3		95.26861		47.96203		48.51		48.27171
377		3.804739		3.8		47.39588		12.23309		12.78971		55.16991		29.84556		29.63647		96.55949		43.34664		54		12.78971		50.58766		40		29.78285		94.79874		95.0066		48.36043		48.28786		48.18396		68.01377		35.16275		35.3		95.15944		47.97447		48.51		48.39245
378		3.801007		3.8		45.62972		12.26794		11.8395		54.8497		29.68436		29.66885		96.71277		43.24258		54		11.8395		50.55637		40		29.73123		94.87392		94.65141		48.36467		48.26543		48.18126		67.41851		35.15887		35.3		95.09088		47.95465		48.51		48.19052
379		3.80195		3.8		46.11829		12.42817		12.84734		55.4821		29.70109		29.69273		96.7012		43.37495		54		12.84734		50.51035		40		29.64286		94.80974		94.77199		48.43718		48.30451		48.16141		72.80413		35.14098		35.3		94.81915		47.93369		48.51		47.97727
380		3.805206		3.8		47.84021		12.36525		12.15287		55.23803		29.60693		29.55388		96.66107		43.30175		54		12.15287		50.49587		40		29.63297		94.70652		95.17957		48.5836		48.24505		48.13778		71.13917		35.16944		35.3		95.21546		47.96224		48.51		48.25901
