Trend data for Model:	
Model time base:		12
Plot duration (secs):		3036

Plot information - trends












Plot information - trajectories














Tag-names		24_PC1024:Measurement		24_PC1024:InternalSetpoint		24_PC1024:ControllerOutput		24_FC1005:Measurement		24_FC1005:InternalSetpoint		24_FC1005:ControllerOutput		24_FC1019:Measurement		24_FC1019:InternalSetpoint		24_FC1019:ControllerOutput		24_LC1016:Measurement		24_LC1016:InternalSetpoint		24_LC1016:ControllerOutput		24_LC1015:Measurement		24_LC1015:InternalSetpoint		24_LC1015:ControllerOutput		24_FC1015:Measurement		24_FC1015:InternalSetpoint		24_FC1015:ControllerOutput		24_LC1028:Measurement		24_LC1028:InternalSetpoint		24_LC1028:ControllerOutput		24_TC1015:Measurement		24_TC1015:InternalSetpoint		24_TC1015:ControllerOutput		24_TC1088:Measurement		24_TC1088:InternalSetpoint		24_TC1088:ControllerOutput
Units		barg		barg		%		t/h		t/h		%		t/h		t/h		%		%		%		t/h		%		%		t/h		t/h		t/h		%		%		%		%		C		C		t/h		C		C		%
Legend titles																																																						
0		3.788591		3.78675		40.26914		11.98095		11.93585		54		23.03056		23.0245		79.52148		53.98228		54		11.93585		40.0258		40		23.0245		98.22828		98.40504		54.93191		52.80363		52.90595		62.65106		35.31006		35.3		98.40504		48.52017		48.51		52.90595
12		3.787885		3.78675		40.24031		11.97865		11.92581		55.35449		22.91853		22.98955		79.53802		53.98135		54		11.92581		40.06608		40		23.12496		98.24547		98.40504		55.009		52.91251		52.90595		60.28975		35.30937		35.3		98.40504		48.5125		48.51		52.90595
24		3.787789		3.78675		40.43574		11.8127		12.21599		55.12602		22.94179		22.93913		79.40764		54.0167		54		12.21599		40.04755		40		23.07903		98.4073		98.40504		55.05556		52.90997		52.90595		60.4996		35.31604		35.3		98.40504		48.50984		48.51		52.90595
36		3.786199		3.78675		39.77455		11.9176		11.95139		55.30381		23.00186		23.00883		79.51781		54.00541		54		11.95139		39.98998		40		23.00883		98.35244		98.40504		55.04148		52.87581		52.90595		58.35951		35.29284		35.3		98.40504		48.50904		48.51		52.90595
48		3.786758		3.78675		40.18804		11.91496		11.95139		55.34827		23.01394		23.00883		79.47132		53.96655		54		11.95139		40.00207		40		23.00883		98.39281		98.40504		55.14254		52.92841		52.90595		63.40787		35.29781		35.3		98.40504		48.51653		48.51		52.90595
60		3.786487		3.78675		39.99083		11.97697		11.95139		55.33903		23.01336		23.00883		79.50242		54.02715		54		11.95139		40.01213		40		23.00883		98.44848		98.40504		55.1633		52.93383		52.90595		63.66639		35.29491		35.3		98.40504		48.50702		48.51		52.90595
72		3.786529		3.78675		40.03224		11.96784		11.95139		55.35071		22.94319		23.00883		79.57268		53.89403		54		11.95139		40.05637		40		23.00883		98.43958		98.40504		55.17773		52.85299		52.90595		57.20577		35.31542		35.3		98.40504		48.49527		48.51		52.90595
84		3.783543		3.78675		38.62096		11.92315		11.95139		55.36712		23.02585		23.00883		79.48464		53.97706		54		11.95139		40.02411		40		23.00883		98.47847		98.40504		55.17428		52.86159		52.90595		56.98986		35.31147		35.3		98.40504		48.50272		48.51		52.90595
96		3.784346		3.78675		38.95508		11.92879		11.95139		55.35992		22.95439		23.00883		79.5902		53.94941		54		11.95139		40.04695		40		23.00883		98.42768		98.40504		55.17921		52.88309		52.90595		59.05497		35.30317		35.3		98.40504		48.5109		48.51		52.90595
108		3.786414		3.78675		39.9821		11.97869		11.95139		55.3617		23.00048		23.00883		79.50255		53.93582		54		11.95139		40.02637		40		23.00883		98.32868		98.40504		55.19264		52.92871		52.90595		63.74903		35.29628		35.3		98.40504		48.5089		48.51		52.90595
120		3.788976		3.78675		41.22506		11.93113		11.95139		55.37563		23.01024		23.00883		79.51104		53.99092		54		11.95139		40.04452		40		23.00883		98.35046		98.40504		55.2007		52.91188		52.90595		61.77802		35.29848		35.3		98.40504		48.50229		48.51		52.90595
132		3.788016		3.78675		40.75184		11.93259		11.95139		55.37696		23.01612		23.00883		79.52219		53.94065		54		11.95139		40.07128		40		23.00883		98.3108		98.40504		55.20412		52.95551		52.90595		65.49399		35.29853		35.3		98.40504		48.51628		48.51		52.90595
144		3.790277		3.78675		41.89704		11.9921		11.95139		55.35764		22.95396		23.00883		79.57533		53.90218		54		11.95139		40.10232		40		23.00883		98.38755		98.40504		55.20594		52.90263		52.90595		61.51072		35.30359		35.3		98.40504		48.498		48.51		52.90595
156		3.790072		3.78675		41.76933		11.89979		11.95139		55.38891		22.98507		23.00883		79.55009		53.92764		54		11.95139		40.05766		40		23.00883		98.3356		98.40504		55.2128		52.87755		52.90595		58.84182		35.31107		35.3		98.40504		48.50114		48.51		52.90595
168		3.78455		3.78675		39.06732		11.93794		11.95139		55.37783		23.06586		23.00883		79.4516		53.93104		54		11.95139		40.06444		40		23.00883		98.43353		98.40504		55.19369		52.87841		52.90595		59.61495		35.30411		35.3		98.40504		48.51797		48.51		52.90595
180		3.782754		3.78675		38.27444		11.95845		11.95139		55.3491		22.9926		23.00883		79.48656		53.86244		54		11.95139		40.01414		40		23.00883		98.55194		98.40504		55.16554		52.92866		52.90595		64.40234		35.27651		35.3		98.40504		48.51432		48.51		52.90595
192		3.78608		3.78675		39.8723		11.97685		11.95139		55.35099		23.0244		23.00883		79.51577		53.8659		54		11.95139		40.13863		40		23.00883		98.37574		98.40504		55.19243		52.92264		52.90595		63.49204		35.29249		35.3		98.40504		48.50315		48.51		52.90595
204		3.785486		3.78675		39.40179		11.94061		11.95139		55.36816		23.02075		23.00883		79.4998		53.90297		54		11.95139		40.1158		40		23.00883		98.38316		98.40504		55.18989		52.98106		52.90595		68.7015		35.26849		35.3		98.40504		48.49326		48.51		52.90595
216		3.786272		3.78675		39.73037		11.9673		11.95139		55.33738		22.94811		23.00883		79.60254		53.94127		54		11.95139		40.08669		40		23.00883		98.38564		98.40504		55.19129		52.93833		52.90595		64.15533		35.26452		35.3		98.40504		48.50219		48.51		52.90595
228		3.784789		3.78675		39.09007		11.94852		11.95139		55.35946		23.02209		23.00883		79.51748		53.84265		54		11.95139		40.07539		40		23.00883		98.49313		98.40504		55.17194		52.85577		52.90595		56.85706		35.32145		35.3		98.40504		48.50843		48.51		52.90595
240		3.786325		3.78675		39.87909		12.00446		11.95139		55.34528		23.02696		23.00883		79.50356		53.8154		54		11.95139		40.05865		40		23.00883		98.41702		98.40504		55.18235		52.94954		52.90595		66.21757		35.27727		35.3		98.40504		48.50043		48.51		52.90595
252		3.787113		3.78675		40.35229		11.97129		11.95139		55.35123		23.03174		23.00883		79.4948		53.86353		54		11.95139		40.12023		40		23.00883		98.43852		98.40504		55.18562		52.86428		52.90595		58.54549		35.28831		35.3		98.40504		48.49796		48.51		52.90595
264		3.783262		3.78675		38.45682		8.589858		8		46.59114		22.99184		23.00883		79.54028		53.8448		54		8		40.12022		40		23.00883		100.1976		98.40504		53.81035		52.93581		52.90595		64.24473		35.3067		35.3		98.40504		48.5222		48.51		52.90595
276		3.787178		3.78675		40.30445		8.001798		8		45.18218		22.94206		23.00883		79.58722		53.86305		54		8		40.12499		40		23.00883		98.81157		98.40504		51.711		52.93691		52.90595		64.56404		35.29218		35.3		98.40504		48.48628		48.51		52.90595
288		3.784317		3.78675		38.93112		8.032908		8		45.09522		22.99047		23.00883		79.53589		54.00407		54		8		40.10704		40		23.00883		98.42837		98.40504		51.32519		52.97459		52.90595		67.681		35.26768		35.3		98.40504		48.50293		48.51		52.90595
300		3.784962		3.78675		39.26753		7.990582		8		45.07655		23.02117		23.00883		79.52937		54.06574		54		8		40.19589		40		23.00883		98.43416		98.40504		51.26637		52.96817		52.90595		67.15791		35.30584		35.3		98.40504		48.50217		48.51		52.90595
312		3.789358		3.78675		41.5064		7.970272		8		45.10358		22.97817		23.00883		79.55099		54.17087		54		8		40.14199		40		23.00883		98.40033		98.40504		51.26151		52.90763		52.90595		61.22536		35.29298		35.3		98.40504		48.52398		48.51		52.90595
324		3.787132		3.78675		40.44854		7.985596		8		45.11044		22.9927		23.00883		79.49701		54.24474		54		8		40.15466		40		23.00883		98.43007		98.40504		51.25015		52.89704		52.90595		61.05582		35.28942		35.3		98.40504		48.51749		48.51		52.90595
336		3.787618		3.78675		40.63166		8.075605		8		45.05365		22.95271		23.00883		79.57803		54.346		54		8		40.20096		40		23.00883		98.34282		98.40504		51.26478		52.88092		52.90595		59.87748		35.27569		35.3		98.40504		48.50453		48.51		52.90595
348		3.7883		3.78675		41.09385		8.022275		8		45.07931		12.41742		10		53.79276		54.44856		54		8		40.22556		40		10		98.41006		98.40504		51.28098		52.8655		52.90595		58.72057		35.30034		35.3		98.40504		48.51741		48.51		52.90595
360		3.785987		3.78675		39.9046		8.014322		8		45.07556		10.00956		10		49.34335		54.49727		54		8		40.4897		40		10		98.39934		98.40504		51.2437		52.89197		52.90595		60.47659		35.2632		35.3		98.40504		48.4895		48.51		52.90595
372		3.7873		3.78675		40.55694		8.000954		8		45.08609		9.986288		10		49.2256		54.70545		54		8		40.80805		40		10		98.41293		98.40504		51.24778		52.85529		52.90595		57.02701		35.28401		35.3		98.40504		48.48787		48.51		52.90595
384		3.786444		3.78675		40.19056		7.999045		8		45.08546		10.01749		10		49.19312		54.65322		54		8		41.04375		40		10		98.40425		98.40504		51.26813		52.87462		52.90595		59.31479		35.28872		35.3		98.40504		48.49925		48.51		52.90595
396		3.787452		3.78675		40.69394		8.012163		8		45.07715		9.989365		10		49.20578		54.85685		54		8		41.4446		40		10		98.45423		98.40504		51.24769		52.91249		52.90595		62.50921		35.29174		35.3		98.40504		48.50645		48.51		52.90595
408		3.785979		3.78675		39.92313		14.89378		15		61.94004		10.00116		10		49.20817		54.92763		54		15		41.73508		40		10		96.18725		98.40504		55.35958		52.89422		52.90595		61.13853		35.27523		35.3		98.40504		48.49068		48.51		52.90595
420		3.786735		3.78675		40.31881		15.00858		15		62.00572		10.02017		10		49.15369		54.78144		54		15		42.10665		40		10		97.61062		98.40504		58.38188		52.88815		52.90595		60.5267		35.27638		35.3		98.40504		48.50794		48.51		52.90595
432		3.785168		3.78675		39.416		15.01768		15		62.11041		9.993099		10		49.18031		54.77103		54		15		42.41267		40		10		98.11678		98.40504		59.51665		52.90207		52.90595		60.94766		35.28119		35.3		98.40504		48.49521		48.51		52.90595
444		3.784246		3.78675		38.95003		14.99309		15		62.1715		10.01948		10		49.16223		54.72492		54		15		42.73406		40		10		98.21911		98.40504		60.00845		52.81893		52.90595		53.69866		35.27643		35.3		98.40504		48.5071		48.51		52.90595
456		3.786128		3.78675		39.83133		15.01379		15		62.18612		10.00584		10		49.12687		54.71709		54		15		43.02058		40		10		98.25689		98.40504		60.21617		52.90829		52.90595		61.87099		35.2633		35.3		98.40504		48.50976		48.51		52.90595
468		3.785108		3.78675		39.36087		14.99441		15		62.21083		10.01432		10		49.13057		54.56447		54		15		43.36375		40		10		98.40338		98.40504		60.28763		52.92586		52.90595		64.32039		35.27793		35.3		98.40504		48.49721		48.51		52.90595
480		3.78602		3.78675		39.72988		14.97729		15		62.21145		14.03827		15		59.43834		54.47944		54		15		43.68912		40		15		98.34326		98.40504		60.31488		52.96013		52.90595		67.67132		35.27876		35.3		98.40504		48.49703		48.51		52.90595
492		3.784399		3.78675		38.93476		14.96475		15		62.222		15.03524		15		60.94327		54.49525		54		15		43.89508		40		15		98.47653		98.40504		60.31658		52.93823		52.90595		64.66222		35.28608		35.3		98.40504		48.49006		48.51		52.90595
504		3.789141		3.78675		41.23331		14.98317		15		62.23591		14.99238		15		61.06571		54.29525		54		15		44.11087		40		15		98.25455		98.40504		60.3711		52.89657		52.90595		60.05268		35.27665		35.3		98.40504		48.47246		48.51		52.90595
516		3.786561		3.78675		39.94602		14.98238		15		62.22356		15.01862		15		61.0116		54.21966		54		15		44.26404		40		15		98.43178		98.40504		60.34569		52.89653		52.90595		60.72191		35.29396		35.3		98.40504		48.49704		48.51		52.90595
528		3.785162		3.78675		39.29715		14.98358		15		62.23192		14.94365		15		61.02182		54.22873		54		15		44.5531		40		15		98.4003		98.40504		60.34984		52.93814		52.90595		64.30935		35.27185		35.3		98.40504		48.48713		48.51		52.90595
540		3.787138		3.78675		40.32712		14.97501		15		62.23117		14.9852		15		60.99022		54.15939		54		15		44.68668		40		15		98.41911		98.40504		60.35104		52.89026		52.90595		59.32667		35.30416		35.3		98.40504		48.51017		48.51		52.90595
552		3.788394		3.78675		40.94056		15.01124		15		62.21402		14.90806		15		61.04903		53.9707		54		15		44.87794		40		15		98.30605		98.40504		60.35308		52.95053		52.90595		64.55361		35.28217		35.3		98.40504		48.48257		48.51		52.90595
564		3.787508		3.78675		40.53399		14.98244		15		62.21695		15.05705		15		60.90066		53.8541		54		15		45.01649		40		15		98.51178		98.40504		60.30995		52.94257		52.90595		65.40528		35.28981		35.3		98.40504		48.49288		48.51		52.90595
576		3.784004		3.78675		38.74781		14.96666		15		62.23088		15.05222		15		60.8719		53.85569		54		15		45.22526		40		15		98.4322		98.40504		60.33228		52.91372		52.90595		62.96176		35.29028		35.3		98.40504		48.49034		48.51		52.90595
588		3.788084		3.78675		40.79713		14.96323		15		62.22729		14.9769		15		60.95428		53.82396		54		15		45.40101		40		15		98.39556		98.40504		60.35576		52.96049		52.90595		66.12486		35.30058		35.3		98.40504		48.49593		48.51		52.90595
600		3.790258		3.78675		41.83313		15.02674		15		62.19317		15.02646		15		60.90268		53.63774		54		15		45.6229		40		15		98.34712		98.40504		60.34429		52.89223		52.90595		60.88933		35.2801		35.3		98.40504		48.50337		48.51		52.90595
612		3.785384		3.78675		39.32414		15.00008		15		62.2106		14.97744		15		60.902		53.54218		54		15		45.82878		40		15		98.37649		98.40504		60.34689		52.84576		52.90595		56.93838		35.30084		35.3		98.40504		48.50217		48.51		52.90595
624		3.785301		3.78675		39.32874		14.96271		15		62.2349		24.43297		25		82.43793		53.55483		54		15		45.96338		40		25		98.51536		98.40504		60.3235		52.9008		52.90595		61.13573		35.29629		35.3		98.40504		48.49943		48.51		52.90595
636		3.787084		3.78675		40.29041		14.98491		15		62.20607		24.98026		25		84.07374		53.39285		54		15		45.95079		40		25		98.46333		98.40504		60.35161		52.9256		52.90595		62.85379		35.30466		35.3		98.40504		48.51078		48.51		52.90595
648		3.787887		3.78675		40.62482		15.02878		15		62.19478		24.99154		25		84.10719		53.27509		54		15		45.91292		40		25		98.42071		98.40504		60.34161		52.91129		52.90595		61.77546		35.29729		35.3		98.40504		48.49875		48.51		52.90595
660		3.788895		3.78675		41.17726		15.00684		15		62.20346		24.99742		25		84.04063		53.29166		54		15		45.94428		40		25		98.40912		98.40504		60.33039		52.93982		52.90595		64.31678		35.2772		35.3		98.40504		48.47029		48.51		52.90595
672		3.783814		3.78675		38.60547		6.209612		5		39.32627		24.99739		25		84.05155		53.12686		54		5		45.89706		40		25		103.1121		98.40504		55.27461		52.88897		52.90595		60.40488		35.28167		35.3		98.40504		48.49193		48.51		52.90595
684		3.785959		3.78675		39.58606		5.055775		5		35.78036		24.94628		25		84.12448		53.25765		54		5		45.82832		40		25		99.32926		98.40504		50.05883		52.88493		52.90595		60.04539		35.28694		35.3		98.40504		48.5005		48.51		52.90595
696		3.78479		3.78675		39.08592		4.985376		5		35.56379		24.99053		25		84.10812		53.3415		54		5		45.85364		40		25		98.47901		98.40504		49.38955		52.93245		52.90595		63.50368		35.27775		35.3		98.40504		48.50301		48.51		52.90595
708		3.787927		3.78675		40.70499		5.014945		5		35.47509		24.99621		25		84.10616		53.6192		54		5		45.8488		40		25		98.35761		98.40504		49.34645		52.93054		52.90595		62.5194		35.29474		35.3		98.40504		48.49287		48.51		52.90595
720		3.785117		3.78675		39.41404		5.011206		5		35.50429		24.99436		25		84.10933		53.65524		54		5		45.76683		40		25		98.3758		98.40504		49.32754		52.93008		52.90595		63.69479		35.26747		35.3		98.40504		48.49324		48.51		52.90595
732		3.789263		3.78675		41.55448		5.006061		5		35.51075		24.9961		25		84.12729		53.78374		54		5		45.74058		40		25		98.37943		98.40504		49.34205		52.91157		52.90595		62.37253		35.27915		35.3		98.40504		48.49448		48.51		52.90595
744		3.786427		3.78675		40.21528		5.024465		5		35.47888		24.98646		25		84.17168		54.09188		54		5		45.7164		40		25		98.47109		98.40504		49.32405		52.89527		52.90595		61.30971		35.28828		35.3		98.40504		48.50153		48.51		52.90595
756		3.784087		3.78675		38.98843		4.97849		5		35.51754		24.97535		25		84.25167		54.20004		54		5		45.71768		40		25		98.40167		98.40504		49.33636		52.88977		52.90595		61.09003		35.25914		35.3		98.40504		48.47982		48.51		52.90595
768		3.783347		3.78675		38.62295		4.983826		5		35.51948		25.00217		25		84.24044		54.29487		54		5		45.69912		40		25		98.47858		98.40504		49.3308		52.87893		52.90595		59.72827		35.27029		35.3		98.40504		48.48312		48.51		52.90595
780		3.78339		3.78675		38.65911		5.002716		5		35.49082		25.02434		25		84.20882		54.48705		54		5		45.60668		40		25		98.49888		98.40504		49.32721		52.93647		52.90595		65.33337		35.28122		35.3		98.40504		48.48881		48.51		52.90595
792		3.78601		3.78675		39.9464		5.012404		5		35.48107		25.00195		25		84.29237		54.65682		54		5		45.68478		40		25		98.46172		98.40504		49.33642		52.88567		52.90595		59.5043		35.27318		35.3		98.40504		48.49154		48.51		52.90595
804		3.783168		3.78675		38.54585		8.376232		10		46.98813		24.95027		25		84.40813		54.82682		54		10		45.67332		40		25		97.06182		98.40504		50.08968		52.82718		52.90595		54.20342		35.2832		35.3		98.40504		48.4938		48.51		52.90595
816		3.783681		3.78675		38.75904		9.979702		10		50.38647		25.04251		25		84.33388		54.91316		54		10		45.5953		40		25		97.95885		98.40504		52.35072		52.97962		52.90595		67.8032		35.27996		35.3		98.40504		48.46919		48.51		52.90595
828		3.784594		3.78675		39.19211		10.03423		10		50.48708		25.005		25		84.39764		55.02592		54		10		45.57628		40		25		98.31708		98.40504		52.85703		52.91486		52.90595		62.34134		35.2645		35.3		98.40504		48.47799		48.51		52.90595
840		3.783057		3.78675		38.35856		10.03108		10		50.5191		24.98859		25		84.43075		54.99211		54		10		45.59777		40		25		98.39008		98.40504		52.96255		52.93026		52.90595		64.0772		35.27979		35.3		98.40504		48.47724		48.51		52.90595
852		3.78397		3.78675		38.86808		9.977216		10		50.5428		24.99488		25		84.45587		55.18541		54		10		45.55456		40		25		98.48709		98.40504		52.97935		52.93422		52.90595		64.17047		35.28318		35.3		98.40504		48.47267		48.51		52.90595
864		3.78522		3.78675		39.42286		10.05714		10		50.5026		25.00391		25		84.48046		55.12845		54		10		45.5457		40		25		98.47338		98.40504		52.98667		52.92234		52.90595		62.83881		35.28255		35.3		98.40504		48.47538		48.51		52.90595
876		3.787524		3.78675		40.52315		9.966327		10		50.54895		24.98725		25		84.5201		55.12948		54		10		45.55056		40		25		98.48884		98.40504		52.98008		52.91534		52.90595		61.88932		35.28796		35.3		98.40504		48.49431		48.51		52.90595
888		3.786185		3.78675		39.80525		9.995344		10		50.50995		25.0078		25		84.52284		55.12326		54		10		45.45292		40		25		98.42016		98.40504		52.98478		52.93179		52.90595		63.24308		35.28264		35.3		98.40504		48.46522		48.51		52.90595
900		3.784546		3.78675		38.91115		9.954671		10		50.52724		25.00449		25		84.52903		55.28801		54		10		45.52278		40		25		98.46445		98.40504		52.96562		52.92347		52.90595		63.14678		35.27446		35.3		98.40504		48.50006		48.51		52.90595
912		3.787828		3.78675		40.55296		9.980317		10		50.54308		24.99272		25		84.58525		55.27784		54		10		45.43021		40		25		98.38249		98.40504		52.98739		52.82907		52.90595		54.77164		35.29551		35.3		98.40504		48.48608		48.51		52.90595
924		3.789867		3.78675		41.65631		9.988074		10		50.53069		25.02134		25		84.57352		55.26048		54		10		45.44624		40		25		98.43808		98.40504		52.98558		52.84087		52.90595		55.40127		35.29374		35.3		98.40504		48.46497		48.51		52.90595
936		3.78652		3.78675		40.04688		9.96979		10		50.5244		25.03393		25		84.56005		55.34144		54		10		45.34132		40		25		98.40261		98.40504		52.98011		52.92085		52.90595		61.89693		35.29203		35.3		98.40504		48.49256		48.51		52.90595
948		3.787711		3.78675		40.70966		10.01736		10		50.51552		24.98085		25		84.6167		55.40855		54		10		45.32127		40		25		98.3883		98.40504		52.98139		52.92213		52.90595		62.94172		35.26379		35.3		98.40504		48.46873		48.51		52.90595
960		3.784715		3.78675		39.11865		9.989905		10		50.54639		25.00147		25		84.64337		55.40563		54		10		45.27002		40		25		98.45551		98.40504		52.9743		52.88723		52.90595		59.38634		35.25708		35.3		98.40504		48.45322		48.51		52.90595
972		3.785961		3.78675		39.78129		10.00656		10		50.54543		25.01641		25		84.63751		55.40703		54		10		45.20789		40		25		98.47638		98.40504		52.96716		52.98695		52.90595		67.91529		35.27243		35.3		98.40504		48.48461		48.51		52.90595
984		3.787949		3.78675		40.54526		10.01733		10		50.52605		25.02373		25		84.65117		55.47573		54		10		45.19013		40		25		98.38293		98.40504		52.96838		52.92063		52.90595		63.00499		35.26277		35.3		98.40504		48.47212		48.51		52.90595
996		3.788018		3.78675		40.65452		10.00602		10		50.5375		25.06384		25		84.60752		55.60238		54		10		45.13318		40		25		98.38349		98.40504		52.99099		52.91542		52.90595		62.9716		35.30461		35.3		98.40504		48.46923		48.51		52.90595
1008		3.790494		3.78675		41.90159		9.984564		10		50.53831		24.96945		25		84.71158		55.5332		54		10		45.14147		40		25		98.2589		98.40504		53.00277		52.97338		52.90595		66.55425		35.29089		35.3		98.40504		48.47955		48.51		52.90595
1020		3.784809		3.78675		39.19115		14.17898		15		60.48941		24.97434		25		84.7285		55.57099		54		15		45.06413		40		25		96.21722		98.40504		54.28168		52.90753		52.90595		61.71435		35.27946		35.3		98.40504		48.48397		48.51		52.90595
1032		3.786013		3.78675		39.75004		14.94194		15		61.95288		24.96734		25		84.73157		55.53647		54		15		45.02441		40		25		97.38588		98.40504		57.90643		52.93229		52.90595		64.27403		35.26383		35.3		98.40504		48.47005		48.51		52.90595
1044		3.785712		3.78675		39.63578		15.00107		15		62.10181		25.02689		25		84.69197		55.52806		54		15		45.03135		40		25		97.95549		98.40504		59.33107		52.91923		52.90595		62.93698		35.26778		35.3		98.40504		48.48399		48.51		52.90595
1056		3.788638		3.78675		41.14546		15.00202		15		62.15507		25.00958		25		84.75507		55.4751		54		15		44.96923		40		25		98.2172		98.40504		59.89868		52.94934		52.90595		64.94352		35.28405		35.3		98.40504		48.4559		48.51		52.90595
1068		3.788154		3.78675		40.78792		15.04242		15		62.17078		25.05728		25		84.7072		55.35359		54		15		44.94446		40		25		98.26994		98.40504		60.15677		52.8967		52.90595		59.82554		35.27781		35.3		98.40504		48.46364		48.51		52.90595
1080		3.785612		3.78675		39.45612		14.95397		15		62.23149		25.00449		25		84.78593		55.24834		54		15		44.90405		40		25		98.37501		98.40504		60.23572		52.89513		52.90595		61.35425		35.27205		35.3		98.40504		48.46747		48.51		52.90595
1092		3.78596		3.78675		39.63833		15.03154		15		62.16524		27.94834		28		92.99541		55.18831		54		15		44.87831		40		28		98.43968		98.40504		60.2923		52.85733		52.90595		57.83816		35.26852		35.3		98.40504		48.47866		48.51		52.90595
1104		3.789701		3.78675		41.56063		15.03549		15		62.18494		28.05384		28		93.26131		54.97279		54		15		44.73864		40		28		98.40269		98.40504		60.32249		52.9206		52.90595		62.80248		35.29103		35.3		98.40504		48.46115		48.51		52.90595
1116		3.786994		3.78675		40.1901		14.99911		15		62.19636		27.99871		28		93.40874		54.91867		54		15		44.74369		40		28		98.42493		98.40504		60.30142		52.92368		52.90595		63.17743		35.28435		35.3		98.40504		48.45721		48.51		52.90595
1128		3.785367		3.78675		39.26367		15.02493		15		62.19722		27.9985		28		93.51018		54.79275		54		15		44.67717		40		28		98.35668		98.40504		60.32402		52.94836		52.90595		65.11695		35.2594		35.3		98.40504		48.47901		48.51		52.90595
1140		3.786297		3.78675		39.76163		15.01501		15		62.2007		27.97944		28		93.6069		54.78058		54		15		44.59027		40		28		98.39707		98.40504		60.32356		52.94018		52.90595		63.98008		35.28594		35.3		98.40504		48.48818		48.51		52.90595
1152		3.788679		3.78675		40.97769		15.0198		15		62.2205		28.03512		28		93.66377		54.65434		54		15		44.52634		40		28		98.31899		98.40504		60.32304		52.89742		52.90595		60.38737		35.27963		35.3		98.40504		48.47643		48.51		52.90595
1164		3.789825		3.78675		41.48113		14.99059		15		62.20079		27.9858		28		93.78356		54.62		54		15		44.48966		40		28		98.34315		98.40504		60.33111		52.92705		52.90595		63.53101		35.27881		35.3		98.40504		48.45983		48.51		52.90595
1176		3.787936		3.78675		40.7468		15.0148		15		62.16971		28.03711		28		93.83312		54.39665		54		15		44.34703		40		28		98.45331		98.40504		60.31329		52.86703		52.90595		59.2535		35.28004		35.3		98.40504		48.47468		48.51		52.90595
1188		3.785874		3.78675		39.65873		15.0068		15		62.19427		27.97731		28		93.9669		54.27684		54		15		44.23998		40		28		98.40875		98.40504		60.29864		52.94356		52.90595		64.73445		35.28188		35.3		98.40504		48.46808		48.51		52.90595
1200		3.787368		3.78675		40.34746		15.00802		15		62.20072		27.99977		28		94.0754		54.33102		54		15		44.13674		40		28		98.33588		98.40504		60.32092		52.90549		52.90595		61.44816		35.28729		35.3		98.40504		48.46971		48.51		52.90595
1212		3.786697		3.78675		40.12549		15.03217		15		62.20924		27.98524		28		94.18475		54.26981		54		15		44.03283		40		28		98.51584		98.40504		60.30191		52.88733		52.90595		58.70899		35.28878		35.3		98.40504		48.47299		48.51		52.90595
1224		3.783925		3.78675		38.66271		10.05018		10		50.98232		27.95971		28		94.29015		54.15857		54		10		43.97206		40		28		100.2703		98.40504		55.56369		52.87358		52.90595		57.2988		35.27804		35.3		98.40504		48.45856		48.51		52.90595
1236		3.78682		3.78675		40.09463		10.01219		10		50.6344		28.01753		28		94.33047		54.16348		54		10		43.83357		40		28		98.77439		98.40504		53.55845		52.96069		52.90595		65.32645		35.25404		35.3		98.40504		48.45263		48.51		52.90595
1248		3.788101		3.78675		40.83501		9.98523		10		50.54988		28.00032		28		94.45247		54.19909		54		10		43.82795		40		28		98.50569		98.40504		53.08124		52.8933		52.90595		60.29938		35.27126		35.3		98.40504		48.48281		48.51		52.90595
1260		3.785202		3.78675		39.36103		9.982057		10		50.55619		28.0272		28		94.54214		54.20044		54		10		43.74904		40		28		98.47929		98.40504		52.97249		52.98889		52.90595		68.52814		35.25425		35.3		98.40504		48.46357		48.51		52.90595
1272		3.786181		3.78675		39.86129		9.969643		10		50.53941		28.08146		28		94.55182		54.37101		54		10		43.70487		40		28		98.38518		98.40504		52.96744		52.91613		52.90595		63.25127		35.27602		35.3		98.40504		48.47127		48.51		52.90595
1284		3.786112		3.78675		39.8796		11.93622		12		55.1356		27.96113		28		94.80429		54.27163		54		12		43.59062		40		28		97.69286		98.40504		53.93505		52.89625		52.90595		60.75382		35.2585		35.3		98.40504		48.47294		48.51		52.90595
1296		3.785972		3.78675		39.72462		11.95825		12		55.4353		28.02024		28		94.82972		54.2412		54		12		43.49055		40		28		98.19618		98.40504		54.85897		52.88939		52.90595		60.56839		35.26113		35.3		98.40504		48.45574		48.51		52.90595
1308		3.786648		3.78675		40.07108		11.99771		12		55.47715		27.99843		28		94.94065		54.32507		54		12		43.43793		40		28		98.34072		98.40504		55.12494		52.90657		52.90595		61.70493		35.2786		35.3		98.40504		48.47559		48.51		52.90595
1320		3.787568		3.78675		40.64856		12.00884		12		55.46945		26.85768		26		92.61355		54.35753		54		12		43.36055		40		26		98.41838		98.40504		55.20156		52.96727		52.90595		67.03854		35.28189		35.3		98.40504		48.48275		48.51		52.90595
1332		3.787303		3.78675		40.50396		11.97319		12		55.47062		26.06758		26		90.14399		54.30204		54		12		43.27102		40		26		98.43159		98.40504		55.22686		52.85187		52.90595		57.3218		35.25609		35.3		98.40504		48.45425		48.51		52.90595
1344		3.790133		3.78675		41.82114		12.01559		12		55.4907		26.02674		26		90.14326		54.30661		54		12		43.13164		40		26		98.264		98.40504		55.25258		52.95323		52.90595		65.77227		35.26537		35.3		98.40504		48.45758		48.51		52.90595
1356		3.78429		3.78675		38.90406		12.01489		12		55.47302		26.00365		26		90.15212		54.25917		54		12		43.11629		40		26		98.49848		98.40504		55.22649		52.90527		52.90595		61.80542		35.24879		35.3		98.40504		48.46712		48.51		52.90595
1368		3.785552		3.78675		39.46485		12.02979		12		55.45401		26.01709		26		90.07522		54.23208		54		12		43.07266		40		26		98.44456		98.40504		55.23503		52.86821		52.90595		57.37767		35.27145		35.3		98.40504		48.46057		48.51		52.90595
1380		3.788796		3.78675		41.03204		11.96717		12		55.48056		26.00992		26		90.0651		54.17132		54		12		42.99969		40		26		98.3439		98.40504		55.24479		52.92582		52.90595		63.59042		35.25385		35.3		98.40504		48.46522		48.51		52.90595
1392		3.787921		3.78675		40.48417		12.00901		12		55.488		25.9985		26		90.04945		54.19286		54		12		43.00768		40		26		98.32195		98.40504		55.26905		52.92408		52.90595		63.26184		35.26714		35.3		98.40504		48.47576		48.51		52.90595
1404		3.786502		3.78675		39.92223		11.95292		12		55.49605		26.02029		26		90.03267		54.26428		54		12		42.83543		40		26		98.42745		98.40504		55.24993		52.93479		52.90595		63.8148		35.26786		35.3		98.40504		48.45469		48.51		52.90595
1416		3.786036		3.78675		39.64181		12.00368		12		55.47576		25.99821		26		90.00475		54.23526		54		12		42.83199		40		26		98.34332		98.40504		55.24759		52.89357		52.90595		60.94124		35.24864		35.3		98.40504		48.45302		48.51		52.90595
1428		3.785892		3.78675		39.64818		12.03422		12		55.49371		25.99542		26		90.01648		54.1617		54		12		42.67342		40		26		98.337		98.40504		55.25442		52.88735		52.90595		60.28887		35.26259		35.3		98.40504		48.45594		48.51		52.90595
1440		3.787431		3.78675		40.39966		11.98832		12		55.4736		26.02541		26		89.92933		54.11345		54		12		42.65075		40		26		98.38928		98.40504		55.24104		52.93524		52.90595		63.15372		35.24762		35.3		98.40504		48.46192		48.51		52.90595
1452		3.784911		3.78675		39.10822		12.00596		12		55.49147		25.97721		26		89.96493		54.22175		54		12		42.55261		40		26		98.41557		98.40504		55.24921		52.95094		52.90595		65.25706		35.2422		35.3		98.40504		48.46496		48.51		52.90595
1464		3.785296		3.78675		39.33352		12.00975		12		55.4749		25.96419		26		89.93172		54.16368		54		12		42.43326		40		26		98.36441		98.40504		55.24552		52.84503		52.90595		56.02658		35.25663		35.3		98.40504		48.45224		48.51		52.90595
1476		3.787929		3.78675		40.70233		11.98536		12		55.47852		26.03291		26		89.81562		54.11681		54		12		42.40008		40		26		98.3381		98.40504		55.26214		52.90361		52.90595		62.77695		35.27133		35.3		98.40504		48.4623		48.51		52.90595
1488		3.787307		3.78675		40.31164		12.03289		12		55.46255		20.09026		20		75.9977		54.13134		54		12		42.27248		40		20		98.30956		98.40504		55.25934		52.8436		52.90595		55.85057		35.27299		35.3		98.40504		48.45409		48.51		52.90595
1500		3.789081		3.78675		41.32028		11.99904		12		55.47453		20.03858		20		75.68871		54.14789		54		12		42.23773		40		20		98.42		98.40504		55.25202		52.87568		52.90595		58.96973		35.28285		35.3		98.40504		48.47419		48.51		52.90595
1512		3.78595		3.78675		39.64454		11.97801		12		55.49996		20.01935		20		75.48488		54.09996		54		12		42.1605		40		20		98.42978		98.40504		55.24098		52.96377		52.90595		66.91305		35.28236		35.3		98.40504		48.46356		48.51		52.90595
1524		3.785819		3.78675		39.63206		11.94737		12		55.50153		19.99131		20		75.34841		54.0337		54		12		42.10072		40		20		98.41374		98.40504		55.24524		52.90408		52.90595		61.07956		35.26439		35.3		98.40504		48.46422		48.51		52.90595
1536		3.789392		3.78675		41.30374		11.97764		12		55.50207		20.18402		20		72.90171		54.14695		54		12		42.08587		40		20		98.37569		98.40504		55.2535		52.93087		52.90595		63.27614		35.26235		35.3		98.40504		48.45567		48.51		52.90595
1548		3.785949		3.78675		39.60661		11.98901		12		55.50216		20.02254		20		72.6368		54.02284		54		12		42.14343		40		20		98.39446		98.40504		55.2547		52.92343		52.90595		62.43186		35.27327		35.3		98.40504		48.44524		48.51		52.90595
1560		3.785165		3.78675		39.21113		11.98891		12		55.45495		20.023		20		72.60894		54.09436		54		12		42.24824		40		20		98.36879		98.40504		55.25006		52.93374		52.90595		63.70958		35.25796		35.3		98.40504		48.45632		48.51		52.90595
1572		3.782321		3.78675		37.86019		11.94836		12		55.49999		19.9678		20		72.65145		53.96059		54		12		42.29552		40		20		98.45295		98.40504		55.23717		52.88091		52.90595		58.96961		35.24731		35.3		98.40504		48.45187		48.51		52.90595
1584		3.786772		3.78675		40.10427		12.01671		12		55.46545		20.00543		20		72.53713		54.02102		54		12		42.3907		40		20		98.43628		98.40504		55.23175		52.94166		52.90595		64.59485		35.23514		35.3		98.40504		48.45384		48.51		52.90595
1596		3.786001		3.78675		39.67188		11.99286		12		55.47302		19.9753		20		72.57593		54.08787		54		12		42.48766		40		20		98.3191		98.40504		55.25422		52.89749		52.90595		61.14635		35.23982		35.3		98.40504		48.45359		48.51		52.90595
1608		3.785422		3.78675		39.35433		11.9965		12		55.45475		20.03624		20		72.4976		54.08184		54		12		42.46945		40		20		98.4363		98.40504		55.24064		52.91736		52.90595		62.37676		35.26137		35.3		98.40504		48.44189		48.51		52.90595
1620		3.783289		3.78675		38.43993		11.95476		12		55.47636		19.99924		20		72.51618		53.99914		54		12		42.64725		40		20		98.4819		98.40504		55.24103		52.90135		52.90595		60.37046		35.24644		35.3		98.40504		48.45248		48.51		52.90595
1632		3.785943		3.78675		39.64531		12.00168		12		55.48926		20.00007		20		72.46751		53.97007		54		12		42.70466		40		20		98.29669		98.40504		55.26488		52.88839		52.90595		59.88607		35.23844		35.3		98.40504		48.46452		48.51		52.90595
1644		3.787574		3.78675		40.47274		11.98472		12		55.49517		19.98081		20		72.44394		53.98044		54		12		42.80273		40		20		98.29016		98.40504		55.26626		52.88855		52.90595		59.07015		35.27264		35.3		98.40504		48.44226		48.51		52.90595
1656		3.787914		3.78675		40.6551		11.98814		12		55.48413		20.04246		20		72.39424		54.00649		54		12		42.90272		40		20		98.45948		98.40504		55.24403		52.88313		52.90595		58.87183		35.26292		35.3		98.40504		48.4633		48.51		52.90595
1668		3.788808		3.78675		41.15693		12.02572		12		55.4711		27.69716		29		92.98033		53.96379		54		12		42.8733		40		29		98.45805		98.40504		55.25181		52.87426		52.90595		59.42766		35.27413		35.3		98.40504		48.46216		48.51		52.90595
1680		3.785562		3.78675		39.5121		12.01305		12		55.44944		28.98432		29		96.00039		54.02422		54		12		42.87223		40		29		98.48785		98.40504		55.24859		52.88548		52.90595		60.04836		35.25758		35.3		98.40504		48.46193		48.51		52.90595
1692		3.787055		3.78675		40.23315		11.96458		12		55.51082		29.03499		29		96.08547		54.01132		54		12		42.80607		40		29		98.37562		98.40504		55.26562		52.85879		52.90595		57.42462		35.25553		35.3		98.40504		48.45324		48.51		52.90595
1704		3.787564		3.78675		40.52321		12.03049		12		55.46756		29.01612		29		96.19987		53.90294		54		12		42.75766		40		29		98.45451		98.40504		55.24775		52.90677		52.90595		61.40215		35.25925		35.3		98.40504		48.46146		48.51		52.90595
1716		3.78701		3.78675		40.23874		12.0152		12		55.4793		29.01335		29		96.36769		53.91684		54		12		42.58983		40		29		98.39911		98.40504		55.26043		52.91472		52.90595		61.69847		35.25262		35.3		98.40504		48.45026		48.51		52.90595
1728		3.785336		3.78675		39.37169		11.99462		12		55.47732		28.99329		29		96.53467		53.8732		54		12		42.6103		40		29		98.37145		98.40504		55.24805		52.92336		52.90595		62.72579		35.24438		35.3		98.40504		48.44843		48.51		52.90595
1740		3.786805		3.78675		40.10022		12.01263		12		55.50362		28.97668		29		96.70946		53.95743		54		12		42.57355		40		29		98.35147		98.40504		55.26802		52.90848		52.90595		62.20658		35.27266		35.3		98.40504		48.46794		48.51		52.90595
1752		3.789485		3.78675		41.44912		11.99971		12		55.48082		28.9682		29		96.87671		53.85262		54		12		42.43528		40		29		98.32898		98.40504		55.26528		52.92297		52.90595		64.34436		35.26668		35.3		98.40504		48.44277		48.51		52.90595
1764		3.787094		3.78675		40.27666		12.05821		12		55.43896		29.00117		29		96.99638		53.90153		54		12		42.34969		40		29		98.43813		98.40504		55.24891		52.87442		52.90595		59.29294		35.24911		35.3		98.40504		48.44693		48.51		52.90595
1776		3.786704		3.78675		40.1169		12.02089		12		55.46717		29.03225		29		97.13639		53.9694		54		12		42.24313		40		29		98.39408		98.40504		55.24684		52.91037		52.90595		61.89047		35.25019		35.3		98.40504		48.43603		48.51		52.90595
1788		3.785307		3.78675		39.47811		9.113323		9		48.0953		29.00876		29		97.32401		53.85979		54		9		42.14302		40		29		99.16008		98.40504		53.03396		52.92947		52.90595		64.13479		35.28184		35.3		98.40504		48.43661		48.51		52.90595
1800		3.786941		3.78675		40.30367		9.025129		9		47.9179		28.96255		29		97.5215		53.93973		54		9		42.10127		40		29		98.5784		98.40504		52.23642		52.87826		52.90595		58.92883		35.22884		35.3		98.40504		48.441		48.51		52.90595
1812		3.789143		3.78675		41.48899		8.966479		9		47.89669		28.99351		29		97.70482		53.94996		54		9		41.99169		40		29		98.44255		98.40504		52.09061		52.9237		52.90595		62.46011		35.28321		35.3		98.40504		48.45916		48.51		52.90595
1824		3.784327		3.78675		38.99317		8.982974		9		47.90026		28.99189		29		97.85675		53.99821		54		9		41.97458		40		29		98.41248		98.40504		52.07563		52.9067		52.90595		62.007		35.26638		35.3		98.40504		48.4619		48.51		52.90595
1836		3.789408		3.78675		41.56546		9.014451		9		47.89415		28.97802		29		98.04852		54.12181		54		9		41.91673		40		29		98.3939		98.40504		52.07263		52.85076		52.90595		56.98682		35.25251		35.3		98.40504		48.44843		48.51		52.90595
1848		3.78632		3.78675		40.01832		8.981004		9		47.87899		29.02268		29		98.17938		54.12186		54		9		41.74413		40		29		98.42395		98.40504		52.0649		52.88328		52.90595		59.26476		35.26331		35.3		98.40504		48.45275		48.51		52.90595
1860		3.788341		3.78675		41.03924		9.01031		9		47.8793		28.97352		29		98.39756		54.24446		54		9		41.74465		40		29		98.40687		98.40504		52.06658		52.9513		52.90595		65.60634		35.26058		35.3		98.40504		48.44967		48.51		52.90595
1872		3.784892		3.78675		39.27744		9.044727		9		47.86009		28.98777		29		98.53064		54.36391		54		9		41.64529		40		29		98.46958		98.40504		52.0655		52.88735		52.90595		59.62888		35.25805		35.3		98.40504		48.43939		48.51		52.90595
1884		3.78885		3.78675		41.23586		9.048396		9		47.85408		28.99023		29		98.73375		54.31706		54		9		41.51317		40		29		98.3868		98.40504		52.07587		52.90062		52.90595		60.60809		35.26489		35.3		98.40504		48.42958		48.51		52.90595
1896		3.785914		3.78675		39.7167		9.010669		9		47.86997		21.66671		15		81.18009		54.47001		54		9		41.42763		40		15		98.43361		98.40504		52.05335		52.88933		52.90595		60.35851		35.22075		35.3		98.40504		48.44525		48.51		52.90595
1908		3.788867		3.78675		41.18227		8.939909		9		47.89214		15.09776		15		65.33073		54.50143		54		9		41.29422		40		15		98.29494		98.40504		52.08885		52.87322		52.90595		57.87519		35.25796		35.3		98.40504		48.46051		48.51		52.90595
1920		3.785221		3.78675		39.38608		9.01197		9		47.86971		15.05544		15		64.73843		54.59189		54		9		41.30055		40		15		98.4582		98.40504		52.05763		52.91231		52.90595		61.97011		35.2297		35.3		98.40504		48.43663		48.51		52.90595
1932		3.791168		3.78675		42.40239		8.966093		9		47.87797		15.00786		15		64.45656		54.6042		54		9		41.2192		40		15		98.35593		98.40504		52.08663		52.90508		52.90595		61.96006		35.26485		35.3		98.40504		48.43896		48.51		52.90595
1944		3.785175		3.78675		39.3775		9.013002		13		50.6769		15.02125		15		64.12865		54.71898		54		13		41.12112		40		15		98.42523		98.40504		52.05341		52.94178		52.90595		65.56734		35.25317		35.3		98.40504		48.41945		48.51		52.90595
1956		3.78587		3.78675		39.66759		13.0175		13		57.54678		15.198		15		61.8195		54.66112		54		13		41.16385		40		15		97.47793		98.40504		55.08352		52.92134		52.90595		63.0421		35.25752		35.3		98.40504		48.45638		48.51		52.90595
1968		3.787212		3.78675		40.32574		13.00472		13		57.7339		15.00616		15		61.51559		54.62749		54		13		41.32246		40		15		98.09351		98.40504		56.19055		52.81717		52.90595		53.68505		35.24606		35.3		98.40504		48.4385		48.51		52.90595
1980		3.78706		3.78675		40.275		12.95569		13		57.81914		15.04111		15		61.42891		54.67425		54		13		41.52601		40		15		98.30703		98.40504		56.52522		52.92872		52.90595		63.94159		35.26306		35.3		98.40504		48.44928		48.51		52.90595
1992		3.785318		3.78675		39.38793		13.01212		13		57.80882		14.9972		15		61.45538		54.65052		54		13		41.71329		40		15		98.39841		98.40504		56.62525		52.96011		52.90595		66.04764		35.2571		35.3		98.40504		48.43703		48.51		52.90595
2004		3.784393		3.78675		38.92697		13.01936		13		57.7808		14.92608		15		61.50357		54.60189		54		13		41.86304		40		15		98.46507		98.40504		56.66591		52.90062		52.90595		60.70542		35.24786		35.3		98.40504		48.44292		48.51		52.90595
2016		3.785624		3.78675		39.64458		13.00524		13		57.80855		14.9488		15		61.46476		54.60227		54		13		42.08756		40		15		98.4974		98.40504		56.65634		52.90779		52.90595		60.71785		35.25208		35.3		98.40504		48.43288		48.51		52.90595
2028		3.786726		3.78675		40.17055		13.01174		13		57.77443		15.01044		15		61.34977		54.58498		54		13		42.35444		40		15		98.41848		98.40504		56.66957		52.8612		52.90595		56.95781		35.24787		35.3		98.40504		48.42317		48.51		52.90595
2040		3.789132		3.78675		41.23567		12.99756		13		57.80854		14.9989		15		61.36832		54.49339		54		13		42.51534		40		15		98.3616		98.40504		56.68874		52.94789		52.90595		65.33444		35.26201		35.3		98.40504		48.44791		48.51		52.90595
2052		3.788119		3.78675		40.68601		12.98483		13		57.83809		15.04144		15		61.32476		54.51737		54		13		42.71969		40		15		98.38024		98.40504		56.68585		52.91347		52.90595		61.93951		35.26483		35.3		98.40504		48.44938		48.51		52.90595
2064		3.787872		3.78675		40.67959		13.02393		13		57.78972		15.01091		15		61.29273		54.48885		54		13		42.88991		40		15		98.41075		98.40504		56.6897		52.90658		52.90595		61.44253		35.265		35.3		98.40504		48.45872		48.51		52.90595
2076		3.786174		3.78675		39.87202		13.01881		13		57.80438		28.8115		30		91.92259		54.40263		54		13		43.04233		40		30		98.40826		98.40504		56.68381		52.86179		52.90595		57.55783		35.24458		35.3		98.40504		48.4498		48.51		52.90595
2088		3.787767		3.78675		40.73053		12.97829		13		57.82104		29.96055		30		98.37889		54.30042		54		13		43.03317		40		30		98.38881		98.40504		56.68305		52.88141		52.90595		58.9541		35.25277		35.3		98.40504		48.4413		48.51		52.90595
2100		3.788351		3.78675		40.94024		13.00106		13		57.78922		29.99987		30		98.57398		54.38542		54		13		42.98583		40		30		98.33396		98.40504		56.6985		52.90949		52.90595		61.63954		35.25562		35.3		98.40504		48.43479		48.51		52.90595
2112		3.785758		3.78675		39.60366		13.00574		13		57.8156		30		30		98.72167		54.29358		54		13		42.8824		40		30		98.4091		98.40504		56.68065		52.88251		52.90595		59.76027		35.25056		35.3		98.40504		48.43878		48.51		52.90595
2124		3.784938		3.78675		39.14487		12.96548		13		57.83794		30		30		98.85013		54.2617		54		13		42.77269		40		30		98.4191		98.40504		56.68084		52.93968		52.90595		63.52967		35.23912		35.3		98.40504		48.43422		48.51		52.90595
2136		3.782401		3.78675		37.91264		13.02035		13		57.78449		29.96265		30		99.0799		54.27116		54		13		42.77574		40		30		98.53173		98.40504		56.65214		52.90483		52.90595		61.70081		35.23605		35.3		98.40504		48.43784		48.51		52.90595
2148		3.786098		3.78675		39.74494		13.00349		13		57.79308		29.97963		30		99.25673		54.27993		54		13		42.68972		40		30		98.3776		98.40504		56.6757		52.83742		52.90595		55.06336		35.27138		35.3		98.40504		48.43498		48.51		52.90595
2160		3.785659		3.78675		39.56221		12.9876		13		57.81806		29.99671		30		99.44768		54.13201		54		13		42.60629		40		30		98.39858		98.40504		56.66933		52.88308		52.90595		59.16786		35.23215		35.3		98.40504		48.43576		48.51		52.90595
2172		3.787645		3.78675		40.47991		12.993		13		57.81287		30		30		99.64257		54.17463		54		13		42.48055		40		30		98.29489		98.40504		56.68593		52.87816		52.90595		59.9018		35.23859		35.3		98.40504		48.43413		48.51		52.90595
2184		3.785499		3.78675		39.50837		12.93925		13		57.83483		29.96701		30		99.92115		54.04467		54		13		42.43122		40		30		98.47969		98.40504		56.66898		52.85196		52.90595		57.55271		35.26754		35.3		98.40504		48.44114		48.51		52.90595
2196		3.788662		3.78675		41.12717		12.97275		13		57.80931		29.90977		30		100		54.07451		54		13		42.30779		40		30		98.37328		98.40504		56.66892		52.86735		52.90595		58.70203		35.26719		35.3		98.40504		48.43148		48.51		52.90595
2208		3.786235		3.78675		39.85228		12.99698		13		57.81417		29.87344		30		99.98782		53.93783		54		13		42.22964		40		30		98.41604		98.40504		56.66718		52.92829		52.90595		63.85189		35.24351		35.3		98.40504		48.41959		48.51		52.90595
2220		3.789853		3.78675		41.67481		13.02168		13		57.82823		29.78645		30		99.98713		53.95874		54		13		42.10211		40		30		98.34979		98.40504		56.69741		52.92407		52.90595		63.40665		35.26253		35.3		98.40504		48.43084		48.51		52.90595
2232		3.786011		3.78675		39.78047		13.00503		13		57.7948		29.66273		30		100		53.90811		54		13		42.1044		40		30		98.3779		98.40504		56.67607		52.91215		52.90595		61.32943		35.26012		35.3		98.40504		48.42121		48.51		52.90595
2244		3.785389		3.78675		39.46759		12.99331		13		57.80009		29.62727		30		100		53.84703		54		13		41.99781		40		30		98.41841		98.40504		56.68087		52.91934		52.90595		62.58764		35.2381		35.3		98.40504		48.42843		48.51		52.90595
2256		3.791081		3.78675		42.29874		12.9995		13		57.81628		29.53677		30		100		53.84783		54		13		41.90917		40		30		98.34731		98.40504		56.68163		52.83379		52.90595		55.52816		35.24405		35.3		98.40504		48.42967		48.51		52.90595
2268		3.788807		3.78675		41.09314		13.01644		13		57.78041		29.43321		30		100		53.91909		54		13		41.84873		40		30		98.33534		98.40504		56.69527		52.90511		52.90595		62.50164		35.25791		35.3		98.40504		48.43042		48.51		52.90595
2280		3.787044		3.78675		40.15057		12.95439		13		57.82256		29.34421		30		100		53.82412		54		13		41.73541		40		30		98.31045		98.40504		56.67744		52.92259		52.90595		63.0248		35.24559		35.3		98.40504		48.43232		48.51		52.90595
2292		3.791229		3.78675		42.30217		8.587502		8		46.72066		29.26778		30		100		53.80956		54		8		41.61308		40		30		100.5808		98.40504		54.5928		52.94949		52.90595		65.6156		35.24146		35.3		98.40504		48.43006		48.51		52.90595
2304		3.78728		3.78675		40.41376		8.068768		8		45.18092		29.19552		30		100		53.7555		54		8		41.4654		40		30		98.91398		98.40504		51.84783		52.89306		52.90595		60.38123		35.23908		35.3		98.40504		48.43466		48.51		52.90595
2316		3.78426		3.78675		38.90523		7.965539		8		45.13479		29.14018		30		100		53.8607		54		8		41.44155		40		30		98.49087		98.40504		51.32799		52.90498		52.90595		61.01486		35.21991		35.3		98.40504		48.42447		48.51		52.90595
2328		3.785187		3.78675		39.4151		7.980002		8		45.0965		29.06884		30		100		54.02266		54		8		41.28526		40		30		98.42112		98.40504		51.25686		52.94743		52.90595		65.13413		35.23828		35.3		98.40504		48.45548		48.51		52.90595
2340		3.786835		3.78675		40.2782		9.61127		12		50.95286		28.97777		30		100		54.04316		54		12		41.24202		40		30		97.37982		98.40504		51.50554		52.88987		52.90595		59.40149		35.21997		35.3		98.40504		48.45616		48.51		52.90595
2352		3.789468		3.78675		41.49775		12.00319		12		55.27708		28.89321		30		100		54.02492		54		12		41.15411		40		30		97.62971		98.40504		54.1629		52.8622		52.90595		56.83613		35.23956		35.3		98.40504		48.44702		48.51		52.90595
2364		3.786752		3.78675		40.24346		12.02429		12		55.41544		28.87934		30		100		54.09673		54		12		41.04133		40		30		98.29576		98.40504		54.93453		52.81746		52.90595		54.14762		35.24932		35.3		98.40504		48.43805		48.51		52.90595
2376		3.78475		3.78675		39.12139		11.98745		12		55.48117		28.83638		30		100		54.08688		54		12		40.94224		40		30		98.35104		98.40504		55.17216		52.87257		52.90595		59.01006		35.24184		35.3		98.40504		48.43988		48.51		52.90595
2388		3.785795		3.78675		39.62108		11.97348		12		55.49085		28.74077		30		100		54.06055		54		12		40.8359		40		30		98.45075		98.40504		55.22958		52.88868		52.90595		59.876		35.23171		35.3		98.40504		48.44769		48.51		52.90595
2400		3.789269		3.78675		41.35564		9.923832		8		49.31633		28.72435		30		100		54.10725		54		8		40.74344		40		30		99.65701		98.40504		54.82579		52.90658		52.90595		61.81622		35.24881		35.3		98.40504		48.41854		48.51		52.90595
2412		3.788208		3.78675		40.7188		8.001365		8		45.27335		28.69755		30		100		54.08625		54		8		40.59614		40		30		99.02355		98.40504		51.98067		52.8717		52.90595		58.15754		35.25199		35.3		98.40504		48.42877		48.51		52.90595
2424		3.78875		3.78675		41.10722		8.025646		8		45.09987		28.57385		30		100		54.13905		54		8		40.51664		40		30		98.46599		98.40504		51.37548		52.88722		52.90595		59.46015		35.24931		35.3		98.40504		48.44278		48.51		52.90595
2436		3.789714		3.78675		41.65272		7.981038		8		45.10665		28.59277		30		100		54.17094		54		8		40.43049		40		30		98.3177		98.40504		51.2909		52.9259		52.90595		62.87907		35.24301		35.3		98.40504		48.44037		48.51		52.90595
2448		3.788728		3.78675		41.1519		8.017161		8		45.11032		28.52566		30		100		54.27952		54		8		40.39592		40		30		98.30955		98.40504		51.27192		52.88762		52.90595		59.19816		35.20324		35.3		98.40504		48.43135		48.51		52.90595
2460		3.78604		3.78675		39.84053		11.91038		12		55.13397		28.5012		30		100		54.36797		54		12		40.1647		40		30		97.39866		98.40504		53.5382		52.92762		52.90595		63.78257		35.24052		35.3		98.40504		48.4118		48.51		52.90595
2472		3.787721		3.78675		40.60729		12.01641		12		55.39641		28.40574		30		100		54.40013		54		12		40.0931		40		30		98.11547		98.40504		54.80812		52.89144		52.90595		59.62595		35.24362		35.3		98.40504		48.42314		48.51		52.90595
2484		3.785792		3.78675		39.661		11.96714		12		55.50004		28.43775		30		100		54.41162		54		12		40.03021		40		30		98.37272		98.40504		55.13094		52.87807		52.90595		59.48884		35.2338		35.3		98.40504		48.41435		48.51		52.90595
2496		3.783635		3.78675		38.59774		11.97937		12		55.48791		28.39216		30		100		54.35514		54		12		39.9143		40		30		98.53622		98.40504		55.21647		52.95985		52.90595		66.39476		35.24334		35.3		98.40504		48.42114		48.51		52.90595
2508		3.785331		3.78675		39.49338		12.0023		12		55.47844		25.03039		25		91.10451		54.46197		54		12		39.80496		40		25		98.516		98.40504		55.25731		52.92913		52.90595		63.01083		35.23302		35.3		98.40504		48.42859		48.51		52.90595
2520		3.783715		3.78675		38.55975		11.99421		12		55.47794		25.02344		25		90.77476		54.42628		54		12		39.65753		40		25		98.44481		98.40504		55.25429		52.91117		52.90595		61.87849		35.21434		35.3		98.40504		48.43218		48.51		52.90595
2532		3.78722		3.78675		40.35815		12.01901		12		55.44852		25.10866		25		90.51348		54.32563		54		12		39.6097		40		25		98.3828		98.40504		55.26233		52.99195		52.90595		68.55405		35.23501		35.3		98.40504		48.43121		48.51		52.90595
2544		3.787097		3.78675		40.27129		12.01576		12		55.49229		25.07035		25		90.35098		54.34953		54		12		39.49805		40		25		98.37356		98.40504		55.25328		52.87993		52.90595		59.29565		35.2393		35.3		98.40504		48.41586		48.51		52.90595
2556		3.787823		3.78675		40.64466		11.99802		12		55.47132		25.01196		25		90.22323		54.32878		54		12		39.45998		40		25		98.45012		98.40504		55.25746		52.93874		52.90595		64.84039		35.22892		35.3		98.40504		48.42891		48.51		52.90595
2568		3.785949		3.78675		39.77564		11.99334		12		55.47264		25.01294		25		90.05686		54.36941		54		12		39.32198		40		25		98.44338		98.40504		55.2484		52.97168		52.90595		66.69287		35.22654		35.3		98.40504		48.43451		48.51		52.90595
2580		3.784658		3.78675		39.16992		12.00337		12		55.48878		25.01903		25		89.88291		54.28014		54		12		39.23903		40		25		98.46977		98.40504		55.24553		52.91813		52.90595		62.34263		35.2256		35.3		98.40504		48.41589		48.51		52.90595
2592		3.784673		3.78675		39.14045		12.02274		12		55.46601		25.02367		25		89.75024		54.30422		54		12		39.20046		40		25		98.46796		98.40504		55.25427		52.94605		52.90595		65.36935		35.22054		35.3		98.40504		48.42739		48.51		52.90595
2604		3.78578		3.78675		39.66457		12.0285		12		55.4659		25.00465		25		89.62349		54.24733		54		12		39.11544		40		25		98.40951		98.40504		55.25532		52.90061		52.90595		60.99223		35.25816		35.3		98.40504		48.43339		48.51		52.90595
2616		3.783142		3.78675		38.14647		11.98856		12		55.47667		25.00702		25		89.456		54.2562		54		12		38.96163		40		25		98.40139		98.40504		55.23867		52.92106		52.90595		62.85778		35.2215		35.3		98.40504		48.41963		48.51		52.90595
2628		3.78711		3.78675		40.16343		12.00819		12		55.48056		25.05281		25		89.30786		54.25495		54		12		38.90305		40		25		98.39638		98.40504		55.26583		52.90062		52.90595		61.79157		35.22805		35.3		98.40504		48.42027		48.51		52.90595
2640		3.78714		3.78675		40.31208		12.02821		12		55.47887		15.44669		15		66.28865		54.23117		54		12		38.71113		40		15		98.38547		98.40504		55.26638		52.93282		52.90595		63.73528		35.25711		35.3		98.40504		48.41971		48.51		52.90595
2652		3.786487		3.78675		39.99069		12.03773		12		55.46983		14.98875		15		65.14382		54.262		54		12		38.66648		40		15		98.39919		98.40504		55.2591		52.928		52.90595		62.86219		35.24699		35.3		98.40504		48.42046		48.51		52.90595
2664		3.789201		3.78675		41.33631		12.02863		12		55.46861		15.07869		15		64.67111		54.28184		54		12		38.64006		40		15		98.35272		98.40504		55.25929		52.91268		52.90595		62.24083		35.23127		35.3		98.40504		48.406		48.51		52.90595
2676		3.787239		3.78675		40.39339		12.00407		12		55.46796		15.01025		15		64.39978		54.17501		54		12		38.58192		40		15		98.37772		98.40504		55.25349		52.88767		52.90595		61.12145		35.24496		35.3		98.40504		48.42744		48.51		52.90595
2688		3.788777		3.78675		41.16615		11.98061		12		55.48912		14.97285		15		64.17653		54.22304		54		12		38.4415		40		15		98.40716		98.40504		55.25101		52.87537		52.90595		58.89543		35.23464		35.3		98.40504		48.43344		48.51		52.90595
2700		3.784566		3.78675		39.04926		12.00001		12		55.45552		15.03009		15		61.7671		54.12685		54		12		38.65127		40		15		98.4093		98.40504		55.25215		52.9417		52.90595		64.79976		35.23005		35.3		98.40504		48.44055		48.51		52.90595
2712		3.786422		3.78675		39.93877		12.00936		12		55.46959		14.98421		15		61.71998		54.24133		54		12		38.74642		40		15		98.32874		98.40504		55.25369		52.92033		52.90595		63.03004		35.23061		35.3		98.40504		48.42281		48.51		52.90595
2724		3.786454		3.78675		39.94781		12.05079		12		55.46644		14.997		15		61.7087		54.1783		54		12		38.90055		40		15		98.42118		98.40504		55.24875		52.89041		52.90595		60.51449		35.21776		35.3		98.40504		48.42571		48.51		52.90595
2736		3.78476		3.78675		39.09826		12.04631		12		55.45946		15.0067		15		61.67148		54.21565		54		12		39.16827		40		15		98.41054		98.40504		55.2536		52.94991		52.90595		65.52632		35.20718		35.3		98.40504		48.42687		48.51		52.90595
2748		3.788414		3.78675		40.98243		12.00917		12		55.46337		14.99352		15		61.65155		54.15627		54		12		39.38077		40		15		98.43476		98.40504		55.25196		52.87166		52.90595		58.06488		35.25504		35.3		98.40504		48.43877		48.51		52.90595
2760		3.788536		3.78675		41.08044		12.00936		12		55.47334		15.00532		15		61.5636		54.1492		54		12		39.60977		40		15		98.44077		98.40504		55.25758		52.92738		52.90595		62.94709		35.25497		35.3		98.40504		48.4147		48.51		52.90595
2772		3.787043		3.78675		40.28649		11.95662		12		55.51137		19.94469		20		72.70307		54.1835		54		12		39.71567		40		20		98.39976		98.40504		55.25725		52.90056		52.90595		61.52935		35.2262		35.3		98.40504		48.4227		48.51		52.90595
2784		3.783811		3.78675		38.68589		11.99839		12		55.47		20.02283		20		72.74447		54.17479		54		12		39.80513		40		20		98.45973		98.40504		55.24671		52.88299		52.90595		59.40865		35.24565		35.3		98.40504		48.4146		48.51		52.90595
2796		3.783434		3.78675		38.54312		11.97996		12		55.50301		20.06555		20		72.68449		54.13355		54		12		39.86612		40		20		98.52734		98.40504		55.24173		52.9212		52.90595		62.57006		35.23022		35.3		98.40504		48.42949		48.51		52.90595
2808		3.785379		3.78675		39.45509		11.97871		12		55.49526		20.00253		20		72.69681		54.19647		54		12		39.94121		40		20		98.46534		98.40504		55.25613		52.8802		52.90595		59.24465		35.22824		35.3		98.40504		48.42156		48.51		52.90595
2820		3.786256		3.78675		39.90406		11.97533		12		55.49057		20.03402		20		72.61657		54.15114		54		12		39.97549		40		20		98.43327		98.40504		55.26344		52.90411		52.90595		61.78013		35.25205		35.3		98.40504		48.43364		48.51		52.90595
2832		3.784974		3.78675		39.34653		12.01934		12		55.44656		19.98996		20		72.62671		54.08922		54		12		40.07354		40		20		98.42105		98.40504		55.26308		52.88064		52.90595		59.69749		35.22207		35.3		98.40504		48.42199		48.51		52.90595
2844		3.785496		3.78675		39.60492		11.96637		12		55.49542		19.98188		20		72.59448		54.17053		54		12		40.15703		40		20		98.40284		98.40504		55.25506		52.92079		52.90595		62.84994		35.24646		35.3		98.40504		48.41529		48.51		52.90595
2856		3.783341		3.78675		38.50665		11.97518		12		55.50293		19.95311		20		72.61334		54.12603		54		12		40.28177		40		20		98.44349		98.40504		55.24867		52.9248		52.90595		63.18393		35.19346		35.3		98.40504		48.42097		48.51		52.90595
2868		3.78278		3.78675		38.27435		12.00058		12		55.49793		20.03065		20		72.4766		54.03056		54		12		40.38038		40		20		98.47419		98.40504		55.24997		52.953		52.90595		65.41829		35.21481		35.3		98.40504		48.41939		48.51		52.90595
2880		3.78711		3.78675		40.42558		11.9349		12		55.51128		19.97505		20		72.55496		54.17465		54		12		40.35218		40		20		98.43311		98.40504		55.27141		52.90216		52.90595		61.06498		35.2349		35.3		98.40504		48.40532		48.51		52.90595
2892		3.785548		3.78675		39.58896		11.95853		12		55.50525		19.97922		20		72.50743		54.13765		54		12		40.50038		40		20		98.4595		98.40504		55.25631		52.93838		52.90595		65.08659		35.22873		35.3		98.40504		48.4222		48.51		52.90595
2904		3.787584		3.78675		40.61567		11.9916		12		55.47774		19.99991		20		72.47994		54.14672		54		12		40.53926		40		20		98.35951		98.40504		55.27976		52.93151		52.90595		63.65083		35.24174		35.3		98.40504		48.42827		48.51		52.90595
2916		3.785941		3.78675		39.71848		11.97788		12		55.4923		19.96629		20		72.49549		54.17078		54		12		40.602		40		20		98.37191		98.40504		55.25015		52.83549		52.90595		55.99578		35.21041		35.3		98.40504		48.42505		48.51		52.90595
2928		3.788744		3.78675		41.13136		11.98944		12		55.50146		20.01893		20		72.41349		54.09016		54		12		40.78771		40		20		98.33617		98.40504		55.2719		52.90632		52.90595		61.90112		35.21327		35.3		98.40504		48.41823		48.51		52.90595
2940		3.787382		3.78675		40.44297		11.95055		12		55.50549		19.99515		20		72.41431		54.09649		54		12		40.81726		40		20		98.41639		98.40504		55.2536		52.88339		52.90595		59.81407		35.20398		35.3		98.40504		48.42171		48.51		52.90595
2952		3.786534		3.78675		40.05375		12.03379		12		55.45334		20.03381		20		72.37388		54.06428		54		12		40.83372		40		20		98.33397		98.40504		55.27921		52.91148		52.90595		62.15552		35.23451		35.3		98.40504		48.41475		48.51		52.90595
2964		3.789725		3.78675		41.64057		12.02557		12		55.46148		19.92627		20		72.44962		54.04359		54		12		40.99772		40		20		98.39652		98.40504		55.25586		52.84738		52.90595		55.83745		35.21031		35.3		98.40504		48.42415		48.51		52.90595
2976		3.785627		3.78675		39.5735		11.95482		12		55.49069		20.0089		20		72.35249		54.10186		54		12		41.0598		40		20		98.37975		98.40504		55.26235		52.88972		52.90595		59.83858		35.22257		35.3		98.40504		48.41266		48.51		52.90595
2988		3.784109		3.78675		38.84709		11.97003		12		55.49332		19.98384		20		72.3748		54.0552		54		12		41.14566		40		20		98.46742		98.40504		55.25492		52.84934		52.90595		56.96922		35.23792		35.3		98.40504		48.40698		48.51		52.90595
3000		3.788188		3.78675		40.78735		12.05383		12		55.43297		19.93355		20		72.42114		53.98541		54		12		41.25447		40		20		98.39837		98.40504		55.2597		52.87349		52.90595		59.17528		35.21966		35.3		98.40504		48.41771		48.51		52.90595
3012		3.78512		3.78675		39.24838		12.01045		12		55.46478		19.95782		20		72.38013		53.9709		54		12		41.34084		40		20		98.4174		98.40504		55.25322		52.88445		52.90595		59.52742		35.21783		35.3		98.40504		48.42085		48.51		52.90595
3024		3.788185		3.78675		40.83519		11.99813		12		55.49894		22.81644		25		80.62787		54.04472		54		12		41.33659		40		25		98.44663		98.40504		55.23808		52.94757		52.90595		66.0287		35.23552		35.3		98.40504		48.43378		48.51		52.90595
3036		3.786397		3.78675		39.89668		11.99007		12		55.44874		24.98528		25		84.6565		54.00696		54		12		41.3663		40		25		98.43335		98.40504		55.24649		52.93618		52.90595		65.12965		35.2338		35.3		98.40504		48.42377		48.51		52.90595
