Trend data for Model:	
Model time base:		1
Plot duration (secs):		194

Plot information - trends












Plot information - trajectories














Tag-names		24_PC1024:Measurement		24_PC1024:InternalSetpoint		24_PC1024:ControllerOutput		24_FC1005:Measurement		24_FC1005:InternalSetpoint		24_FC1005:ControllerOutput		24_FC1019:Measurement		24_FC1019:InternalSetpoint		24_FC1019:ControllerOutput		24_LC1016:Measurement		24_LC1016:InternalSetpoint		24_LC1016:ControllerOutput		24_LC1015:Measurement		24_LC1015:InternalSetpoint		24_LC1015:ControllerOutput		24_FC1015:Measurement		24_FC1015:InternalSetpoint		24_FC1015:ControllerOutput		24_LC1028:Measurement		24_LC1028:InternalSetpoint		24_LC1028:ControllerOutput		24_TC1015:Measurement		24_TC1015:InternalSetpoint		24_TC1015:ControllerOutput		24_TC1088:Measurement		24_TC1088:InternalSetpoint		24_TC1088:ControllerOutput
Units		barg		barg		%		t/h		t/h		%		t/h		t/h		%		%		%		t/h		%		%		t/h		t/h		t/h		%		%		%		%		C		C		t/h		C		C		%
Legend titles																																																						
0		3.788591		3.78675		40.26914		11.98095		11.93585		54		23.03056		23.0245		79.52148		53.98228		54		11.93585		40.0258		40		23.0245		98.22828		98.40504		54.93191		52.80363		53		62.65106		35.31006		35.3		98.40504		48.52017		48.51		53
1		3.790528		3.78675		41.2603		11.41232		11.62784		54.19148		23.01823		22.99227		79.43452		53.94511		54		11.62784		39.97551		40		22.89926		98.57633		98.35431		54.92171		52.88364		53		42.86499		35.32106		35.3		98.56408		48.5175		48.51		52.87931
2		3.788653		3.78675		40.41537		11.49294		11.50775		54.36983		22.98811		23.05795		79.49214		53.93064		54		11.50775		39.99905		40		22.95786		98.60295		98.42121		54.92657		52.99863		53		52.36564		35.3325		35.3		98.73095		48.50102		48.51		52.71456
3		3.786774		3.78675		39.49667		11.60844		12.46827		54.85246		22.99161		22.91245		79.32675		54.04669		54		12.46827		40.00779		40		22.97961		98.66209		98.51585		54.92949		53.09666		53		61.24874		35.31239		35.3		98.44329		48.51811		48.51		52.88547
4		3.789743		3.78675		40.99874		11.69083		12.13764		54.76696		22.98472		23.01312		79.40802		54.0068		54		12.13764		39.96027		40		22.86124		98.43024		98.36761		54.93106		53.22433		53		73.80247		35.32564		35.3		98.63553		48.51674		48.51		52.87173
5		3.787234		3.78675		39.7859		11.72512		11.8367		54.82752		22.89898		22.905		79.34226		53.97047		54		11.8367		40.00822		40		22.98063		98.45915		98.17931		54.88637		53.19143		53		72.64059		35.30856		35.3		98.39031		48.51849		48.51		52.88929
6		3.788394		3.78675		40.41193		11.70021		11.60138		54.62345		23.01727		22.97403		79.32033		53.94212		54		11.60138		39.96896		40		22.88287		98.43927		98.60933		54.97654		53.09754		53		65.86048		35.32347		35.3		98.60669		48.52768		48.51		52.98127
7		3.790675		3.78675		41.59782		11.61682		11.82125		55.04378		22.90656		23.02258		79.46828		53.96868		54		11.82125		39.98839		40		22.93121		98.53573		98.62886		54.96719		53.03401		53		60.86971		35.32946		35.3		98.69468		48.51086		48.51		52.81318
8		3.786816		3.78675		39.72194		11.90686		11.41087		54.82378		23.00595		23.0791		79.46991		53.91916		54		11.41087		39.96789		40		22.88018		98.41683		98.38768		54.96391		53.01538		53		59.35611		35.31073		35.3		98.42672		48.53301		48.51		53.03472
9		3.785933		3.78675		39.25168		11.65338		12.06142		55.24062		22.88759		22.92139		79.41154		53.99775		54		12.06142		39.9633		40		22.8687		98.51789		98.23418		54.8996		53.0533		53		62.79932		35.28719		35.3		98.08767		48.53067		48.51		53.01133
10		3.791104		3.78675		41.89269		11.76944		11.83569		55.07503		22.94122		22.92688		79.35505		53.97053		54		11.83569		40.00805		40		22.98013		98.21181		98.22693		54.9157		53.09239		53		66.66087		35.31586		35.3		98.50046		48.52317		48.51		52.93634
11		3.786634		3.78675		39.71271		11.81159		12.54254		55.43245		23.02436		22.91401		79.24466		54.05592		54		12.54254		40.00055		40		22.96144		98.53885		98.40053		54.92356		53.02229		53		60.83926		35.3157		35.3		98.49988		48.52957		48.51		53.00041
12		3.785693		3.78675		39.20984		11.78566		12.23268		55.512		22.9123		23.04282		79.48506		54.01851		54		12.23268		39.98525		40		22.92334		98.39929		98.28272		54.89731		53.06765		53		64.86964		35.30997		35.3		98.41756		48.50065		48.51		52.7112
13		3.790944		3.78675		41.88307		12.0638		11.28554		55.14181		22.94651		22.87144		79.26137		53.90413		54		11.28554		40.0571		40		23.10225		98.03183		98.50269		55.01393		53.03339		53		62.31606		35.31547		35.3		98.49699		48.49844		48.51		52.68917
14		3.788338		3.78675		40.67263		12.09126		11.38813		54.99863		23.03476		23.00626		79.28657		53.91655		54		11.38813		39.9969		40		22.95232		98.27647		98.46871		55.02358		53.04206		53		63.2161		35.31737		35.3		98.52585		48.50825		48.51		52.7873
15		3.785098		3.78675		39.01215		11.80284		11.20482		54.79337		22.92432		23.08297		79.49831		53.89446		54		11.20482		39.9857		40		22.92448		98.47116		98.2998		54.97038		53.0087		53		60.34294		35.28933		35.3		98.12247		48.52206		48.51		52.9254
16		3.789934		3.78675		41.42554		11.86023		12.1459		55.27118		22.98272		22.98734		79.39869		54.00812		54		12.1459		40.02772		40		23.02914		98.22941		98.35653		54.9915		52.98617		53		58.49164		35.2976		35.3		98.24101		48.51347		48.51		52.83961
17		3.788152		3.78675		40.6202		11.90173		12.19087		55.33648		22.97557		22.98982		79.41722		54.01357		54		12.19087		39.95687		40		22.85274		98.38823		98.37522		54.98984		53.06434		53		65.53799		35.31572		35.3		98.50324		48.50245		48.51		52.7294
18		3.784397		3.78675		38.69303		11.90006		11.86604		55.26369		22.8777		23.04216		79.562		53.97435		54		11.86604		40.00029		40		22.96086		98.39931		98.0767		54.91498		52.98669		53		58.78576		35.30833		35.3		98.3969		48.52154		48.51		52.9204
19		3.790936		3.78675		41.9975		11.86739		11.81874		55.20499		23.0252		22.80162		79.14334		53.96867		54		11.81874		40.0078		40		22.97953		98.18		98.50988		55.05536		53.00514		53		60.35449		35.32397		35.3		98.62326		48.49747		48.51		52.67964
20		3.786481		3.78675		39.85044		12.00159		12.33182		55.48541		22.92567		22.87557		79.2347		54.03064		54		12.33182		39.9928		40		22.94213		98.49065		98.4531		55.02887		52.99994		53		59.84215		35.29609		35.3		98.22308		48.51377		48.51		52.84273
21		3.783022		3.78675		38.05922		11.90128		11.46047		54.92528		22.93782		23.01573		79.37848		53.92546		54		11.46047		40.06867		40		23.13108		98.26477		98.10538		54.98571		53.06922		53		66.00247		35.28425		35.3		98.05228		48.53054		48.51		53.01041
22		3.78915		3.78675		41.14434		11.90556		12.11984		54.97757		22.99271		23.05459		79.39145		54.00514		54		12.11984		39.98318		40		22.91819		98.22724		98.39055		55.02406		53.03291		53		63.21693		35.28946		35.3		98.12647		48.51307		48.51		52.83582
23		3.787054		3.78675		40.13753		11.7201		11.43181		54.68144		22.87718		22.91174		79.34426		53.92209		54		11.43181		39.96256		40		22.86682		98.46322		98.44986		54.99798		53.07494		53		67.38698		35.30288		35.3		98.32043		48.5009		48.51		52.71406
24		3.78801		3.78675		40.59819		11.71865		12.29867		55.20407		22.92558		22.95507		79.37609		54.02679		54		12.29867		40.02004		40		23.00995		98.46644		98.19169		54.91623		53.00706		53		61.64786		35.31071		35.3		98.43329		48.52095		48.51		52.91463
25		3.787513		3.78675		40.35966		11.84213		12.07243		55.15046		23.00749		23.06462		79.50138		53.99949		54		12.07243		40.01395		40		22.99488		98.33278		98.33225		54.95094		52.95732		53		57.117		35.29942		35.3		98.27067		48.51674		48.51		52.87256
26		3.785486		3.78675		39.3859		11.83732		12.58089		55.19274		23.00897		23.122		79.59028		54.06095		54		12.58089		40.04518		40		23.07275		98.36188		98.3964		54.96313		52.98121		53		59.13005		35.31794		35.3		98.53841		48.50976		48.51		52.80278
27		3.786067		3.78675		39.63898		11.70295		12.22444		55.25254		23.03475		22.91221		79.29993		54.01792		54		12.22444		39.97826		40		22.90609		98.46838		98.36031		54.93014		52.9513		53		56.4393		35.30693		35.3		98.38033		48.51073		48.51		52.81252
28		3.787507		3.78675		40.39177		11.77156		11.9149		55.26945		22.8894		23.06189		79.57676		53.98055		54		11.9149		39.97999		40		22.9104		98.35059		97.99432		54.84594		53.01962		53		62.29615		35.30196		35.3		98.30802		48.52135		48.51		52.91872
29		3.788996		3.78675		41.15491		12.00274		11.60752		54.97625		22.93014		23.05262		79.58581		53.94347		54		11.60752		40.01325		40		22.99326		98.15278		98.47204		54.97688		53.00864		53		61.53179		35.29813		35.3		98.25324		48.49568		48.51		52.66205
30		3.785329		3.78675		39.34302		11.79817		12.21057		55.26851		22.96138		22.9531		79.52661		54.01632		54		12.21057		40.05007		40		23.08505		98.37707		98.452		54.96477		53.00769		53		61.33714		35.31907		35.3		98.55624		48.52108		48.51		52.91604
31		3.786778		3.78675		40.06042		11.76802		11.56159		54.92		23.07096		22.9636		79.44961		53.93799		54		11.56159		40.01686		40		23.00242		98.41785		98.219		54.8843		52.95221		53		56.55025		35.28485		35.3		98.06255		48.49749		48.51		52.68019
32		3.785425		3.78675		39.4002		11.66951		12.30499		55.23183		22.98192		22.96856		79.53157		54.02781		54		12.30499		40.03848		40		23.05633		98.35987		98.13004		54.86062		53.05321		53		64.94539		35.29984		35.3		98.27862		48.51775		48.51		52.8828
33		3.78787		3.78675		40.62209		11.7916		11.54811		55.18545		23.06441		22.9831		79.48833		53.9364		54		11.54811		40.02551		40		23.02411		98.38195		98.3051		54.87623		53.00122		53		60.58908		35.29879		35.3		98.26368		48.51082		48.51		52.81347
34		3.788498		3.78675		40.95668		11.88652		12.9443		55.98391		22.9433		22.93318		79.51038		54.10501		54		12.9443		40.02012		40		23.01071		98.27407		98.73617		54.98791		52.98384		53		59.07286		35.3074		35.3		98.38838		48.51497		48.51		52.855
35		3.785785		3.78675		39.60835		12.07123		11.60174		55.17825		23.02519		23.07416		79.52804		53.94291		54		11.60174		40.01191		40		22.99028		98.22831		98.36155		54.96232		53.00354		53		60.87553		35.3003		35.3		98.28704		48.51126		48.51		52.81791
36		3.787732		3.78675		40.58492		11.82976		12.12035		55.20259		23.00114		23.10476		79.62854		54.00559		54		12.12035		40.02552		40		23.02427		98.29753		98.23105		54.93168		52.98227		53		59.037		35.29119		35.3		98.15571		48.51267		48.51		52.83196
37		3.785454		3.78675		39.44113		11.80133		11.55643		54.85374		23.04246		22.99485		79.47881		53.93754		54		11.55643		39.99379		40		22.94528		98.32029		98.23594		54.91398		52.98332		53		59.01778		35.30579		35.3		98.36608		48.50761		48.51		52.7814
38		3.786878		3.78675		40.14969		11.7976		12.32815		55.27508		22.93374		23.06468		79.64058		54.03076		54		12.32815		40.00455		40		22.9721		98.42892		98.37662		54.8881		52.93463		53		54.50419		35.30432		35.3		98.34432		48.51262		48.51		52.83148
39		3.787894		3.78675		40.67553		11.79053		11.90663		55.20659		23.05285		22.96758		79.42616		53.97987		54		11.90663		39.97876		40		22.9079		98.26013		98.51233		54.93547		53.04362		53		63.79631		35.30726		35.3		98.38681		48.51192		48.51		52.82456
40		3.785257		3.78675		39.39145		11.93224		11.94267		55.23717		22.94849		23.04081		79.64167		53.98424		54		11.94267		39.98707		40		22.92865		98.35347		98.32196		54.90976		53.06249		53		65.56948		35.29963		35.3		98.27783		48.51399		48.51		52.84522
41		3.787412		3.78675		40.43772		11.86889		12.01344		55.26528		23.0391		22.88475		79.43444		53.99281		54		12.01344		39.99487		40		22.94813		98.26491		98.06127		54.8379		53.00135		53		60.48956		35.29568		35.3		98.2197		48.50893		48.51		52.79461
42		3.786685		3.78675		40.08601		11.91352		11.82451		54.92422		23.00425		23.00786		79.60907		53.97005		54		11.82451		40.01506		40		22.99848		98.21864		98.29255		54.90004		52.87824		50		99.00669		35.31806		35.3		98.54236		48.51056		48.51		52.81093
43		3.787161		3.78675		40.35154		11.86656		11.88972		55.12543		23.02077		23.1217		79.73787		53.97792		54		11.88972		39.99595		40		22.95096		98.39186		98.17865		54.8659		52.45024		50		83.9877		35.29724		35.3		98.24292		48.49909		48.51		52.69624
44		3.787098		3.78675		40.30812		11.92595		11.88793		55.34809		23.02407		23.03359		79.55345		53.97769		54		11.88793		39.95409		40		22.8467		98.18656		97.93544		54.81198		52.14649		50		77.5449		35.29571		35.3		98.21918		48.50192		48.51		52.72452
45		3.786681		3.78675		40.10721		11.78322		11.3396		55.06503		22.88361		23.02838		79.73626		53.91151		54		11.3396		40.03434		40		23.04661		98.30019		98.0767		54.7951		51.8087		50		64.94305		35.30313		35.3		98.3251		48.52674		48.51		52.97272
46		3.785892		3.78675		39.68138		11.92953		12.0403		55.35948		23.09016		23.13984		79.63309		53.99615		54		12.0403		40.02708		40		23.02858		98.21946		98.03995		54.79174		51.666		50		67.30168		35.29401		35.3		98.19314		48.5107		48.51		52.81228
47		3.78847		3.78675		40.97877		11.93441		11.40017		55.02183		22.99768		23.05385		79.59922		53.91888		54		11.40017		39.97783		40		22.90599		98.19346		98.29306		54.85727		51.61782		50		76.94801		35.30425		35.3		98.34072		48.52498		48.51		52.95507
48		3.788131		3.78675		40.83867		11.95301		11.43517		54.98262		22.95457		22.97856		79.53391		53.92313		54		11.43517		40.03947		40		23.05948		98.16094		98.29747		54.88988		51.56874		50		86.33398		35.30341		35.3		98.32895		48.51916		48.51		52.89694
49		3.786925		3.78675		40.25195		11.88745		12.18706		55.2987		23.06056		22.82723		79.2352		54.01395		54		12.18706		40.0239		40		23.02072		98.30124		98.1634		54.86122		51.37504		50		82.02556		35.30515		35.3		98.35453		48.50839		48.51		52.78918
50		3.784706		3.78675		39.14354		11.87548		12.11354		55.18891		22.97195		23.1126		79.56821		54.0051		54		12.11354		40.00511		40		22.97395		98.33287		98.11564		54.84687		51.18865		50		76.94433		35.29814		35.3		98.25336		48.51076		48.51		52.81295
51		3.790413		3.78675		42.0206		11.82268		12.70086		55.64023		22.9596		22.96174		79.44425		54.07603		54		12.70086		39.98956		40		22.93523		98.20457		98.60682		54.99158		51.02904		50		72.41718		35.30524		35.3		98.35678		48.52003		48.51		52.90564
52		3.786012		3.78675		39.85507		11.97108		11.83739		55.15665		22.97949		23.0054		79.4308		53.97178		54		11.83739		39.94643		40		22.82779		98.35287		98.43616		54.96703		50.8775		50		67.2721		35.29713		35.3		98.24106		48.51061		48.51		52.81152
53		3.786055		3.78675		39.81626		11.92649		11.37751		54.81832		22.90232		22.98627		79.46712		53.91628		54		11.37751		40.00721		40		22.97911		98.24493		98.04887		54.87547		50.84849		50		72.45754		35.29616		35.3		98.22586		48.4981		48.51		52.68643
54		3.789886		3.78675		41.76503		11.71511		11.7691		55.00507		23.05253		22.93689		79.26891		53.9636		54		11.7691		40.04506		40		23.07339		98.29116		98.25628		54.89739		50.78556		50		74.04787		35.31009		35.3		98.42652		48.51538		48.51		52.85928
55		3.785548		3.78675		39.64149		11.96037		12.10867		55.31056		22.93827		22.92768		79.34433		54.00461		54		12.10867		39.97811		40		22.90664		98.37662		98.41319		54.92033		50.70725		50		73.71853		35.31067		35.3		98.4357		48.50355		48.51		52.74097
56		3.786721		3.78675		40.18995		11.96784		12.06635		55.65989		22.94785		22.86669		79.19114		53.99946		54		12.06635		39.93581		40		22.80123		98.22156		98.23889		54.90109		50.66264		50		76.07779		35.29641		35.3		98.22959		48.5183		48.51		52.8885
57		3.789138		3.78675		41.43929		12.19632		11.91303		55.49191		22.91081		22.8693		79.19912		53.98095		54		11.91303		39.96244		40		22.86748		98.03383		98.63432		55.04485		50.56025		50		72.68889		35.30173		35.3		98.30656		48.5124		48.51		52.82948
58		3.785495		3.78675		39.65333		12.10025		11.78184		55.55517		22.88794		22.72224		79.06239		53.96509		54		11.78184		39.96122		40		22.86437		98.35281		98.41466		55.01437		50.45664		50		68.0096		35.30771		35.3		98.39437		48.53048		48.51		53.01038
59		3.789342		3.78675		41.55098		12.068		12.27468		55.69957		22.89989		23.0813		79.40837		54.02462		54		12.27468		39.93466		40		22.79816		98.17509		98.37632		55.04458		50.36999		50		64.17506		35.30607		35.3		98.37065		48.50988		48.51		52.80441
60		3.788389		3.78675		41.15271		12.04465		12.21574		55.34485		22.83839		22.75546		79.08385		54.01754		54		12.21574		39.94533		40		22.8246		98.25346		98.60726		55.13593		50.37401		50		67.53224		35.31805		35.3		98.54471		48.54527		48.51		53.15848
61		3.787092		3.78675		40.50321		11.91473		11.769		55.18129		22.89613		22.77379		78.90839		53.96361		54		11.769		39.92872		40		22.78299		98.48582		98.51959		55.11654		50.33952		50		67.87297		35.31617		35.3		98.51947		48.53337		48.51		53.03958
62		3.785585		3.78675		39.7315		11.88859		12.18127		55.43008		22.79138		22.87521		79.05562		54.01341		54		12.18127		39.90322		40		22.71932		98.42693		98.34343		55.072		50.29412		50		67.02508		35.28781		35.3		98.11109		48.51561		48.51		52.86213
63		3.788795		3.78675		41.34103		12.06642		11.87535		55.3954		22.83347		22.7646		78.8327		53.97645		54		11.87535		39.94728		40		22.82882		98.22433		98.11007		55.03857		50.28843		50		69.1008		35.29739		35.3		98.24876		48.53211		48.51		53.02721
64		3.789219		3.78675		41.59814		11.91313		12.01103		55.51419		22.80154		22.78692		78.85484		53.99285		54		12.01103		40.00141		40		22.96344		98.3976		98.519		55.11474		50.21289		50		64.70936		35.29451		35.3		98.20837		48.5196		48.51		52.90207
65		3.786627		3.78675		40.33198		12.12495		13.50397		56.35958		22.91798		22.72617		78.60115		54.17311		54		13.50397		39.91173		40		22.73987		98.27781		98.64642		55.1874		50.23283		50		68.6516		35.29419		35.3		98.20477		48.52095		48.51		52.91567
66		3.787204		3.78675		40.61971		12.24624		11.55785		55.62131		22.6766		22.70017		78.75146		53.93807		54		11.55785		39.87606		40		22.65083		98.23112		98.39524		55.16146		50.19341		50		67.04146		35.30722		35.3		98.3929		48.5242		48.51		52.94825
67		3.78708		3.78675		40.56001		12.18831		12.96132		56.35254		22.76326		22.62815		78.56793		54.10752		54		12.96132		39.86908		40		22.63316		98.22108		98.34045		55.18184		50.18957		50		68.42757		35.30667		35.3		98.38555		48.52091		48.51		52.91549
68		3.786527		3.78675		40.30556		12.33256		12.29109		56.02601		22.59575		22.65113		78.71553		54.02656		54		12.29109		39.88252		40		22.66634		98.19247		98.2069		55.19919		50.14224		50		65.68296		35.30233		35.3		98.32383		48.51775		48.51		52.88403
69		3.784491		3.78675		39.24685		12.31221		11.95887		55.94845		22.72009		22.69749		78.65492		53.9864		54		11.95887		39.85319		40		22.59304		98.22693		97.9806		55.16945		50.13274		50		66.02222		35.28755		35.3		98.11089		48.52428		48.51		52.94944
70		3.791814		3.78675		42.92093		12.25924		11.89973		55.86512		22.67831		22.76319		78.69825		53.97925		54		11.89973		39.85808		40		22.60488		98.00966		98.2037		55.24984		50.10955		50		65.15876		35.31628		35.3		98.52422		48.52819		48.51		52.98863
71		3.785519		3.78675		39.83321		12.15826		12.70464		56.14597		22.63009		22.55625		78.50017		54.07645		54		12.70464		39.89541		40		22.69749		98.45565		98.39196		55.25983		50.13532		50		68.5921		35.33408		35.3		98.78247		48.5429		48.51		53.13594
72		3.786503		3.78675		40.26495		12.37844		12.76663		56.18222		22.70592		22.6234		78.46901		54.0839		54		12.76663		39.83634		40		22.55009		98.26794		98.50582		55.3408		50.11536		50		67.74425		35.28461		35.3		98.07057		48.51479		48.51		52.85481
73		3.788704		3.78675		41.41013		12.19431		13.11125		56.55305		22.60573		22.61938		78.49887		54.12547		54		13.11125		39.84824		40		22.57938		98.18627		98.28022		55.34942		50.08278		50		65.72969		35.30418		35.3		98.35342		48.53024		48.51		53.00939
74		3.78686		3.78675		40.49633		12.61398		11.90822		55.91751		22.62571		22.54313		78.33988		53.98015		54		11.90822		39.85522		40		22.59635		98.09156		98.50932		55.4551		50.08432		50		66.59733		35.32075		35.3		98.59305		48.50987		48.51		52.80584
75		3.787357		3.78675		40.75166		12.21534		12.4062		56.2386		22.56716		22.6287		78.47503		54.04024		54		12.4062		39.85226		40		22.58863		98.41004		98.41588		55.41918		50.08955		50		67.95742		35.29336		35.3		98.1989		48.53158		48.51		53.02308
76		3.787454		3.78675		40.8353		12.4171		12.50414		56.65842		22.61662		22.62743		78.38415		54.05199		54		12.50414		39.81778		40		22.50236		98.18792		98.56334		55.50813		50.08035		50		67.99928		35.32359		35.3		98.63558		48.52201		48.51		52.92756
77		3.788201		3.78675		41.21096		12.55373		12.84492		56.99213		22.58224		22.5232		78.22791		54.09306		54		12.84492		39.811		40		22.48503		98.19465		98.5918		55.55983		50.10097		50		70.35614		35.30804		35.3		98.41254		48.53294		48.51		53.03694
78		3.788476		3.78675		41.3761		12.7458		12.74649		57.16702		22.53722		22.56385		78.2954		54.08107		54		12.74649		39.79867		40		22.45389		98.00129		98.56731		55.66732		50.03851		50		65.59983		35.31858		35.3		98.56588		48.52696		48.51		52.97727
79		3.789317		3.78675		41.83048		12.54978		13.18573		57.18212		22.55486		22.55035		78.22742		54.13407		54		13.18573		39.87336		40		22.63948		98.26345		98.15877		55.61991		50.07774		50		69.5663		35.30427		35.3		98.361		48.54243		48.51		53.13218
80		3.787829		3.78675		41.08531		12.64909		13.23797		57.25603		22.57579		22.42653		78.07991		54.1403		54		13.23797		39.81306		40		22.48889		98.0681		98.59626		55.77992		49.9962		50		62.64851		35.30465		35.3		98.3675		48.5331		48.51		53.03897
81		3.786731		3.78675		40.54908		12.70981		12.46792		57.14522		22.51845		22.42499		78.07088		54.04721		54		12.46792		39.75322		40		22.3394		98.20171		98.70679		55.84729		50.04007		50		66.66644		35.29697		35.3		98.25833		48.54555		48.51		53.1637
82		3.785092		3.78675		39.73372		12.84754		13.06554		57.4657		22.46553		22.47347		78.13639		54.11928		54		13.06554		39.79441		40		22.44145		98.12187		98.42677		55.86334		50.01583		50		64.70948		35.30056		35.3		98.31087		48.53957		48.51		53.10403
83		3.787158		3.78675		40.773		12.84678		12.7371		57.28478		22.53355		22.47084		78.02409		54.07952		54		12.7371		39.84517		40		22.56737		98.18161		98.42134		55.89025		49.98794		50		62.32175		35.30291		35.3		98.34479		48.5392		48.51		53.10059
84		3.787712		3.78675		41.06757		12.90476		13.03631		57.4411		22.52143		22.42101		77.91865		54.11556		54		13.03631		39.79847		40		22.4506		98.11849		98.69929		56.01203		50.03514		50		66.50534		35.31499		35.3		98.5199		48.53529		48.51		53.06165
85		3.785474		3.78675		39.96444		12.70805		13.34424		57.59656		22.42176		22.48268		78.01418		54.15266		54		13.34424		39.74553		40		22.31821		98.30611		98.50454		55.99562		50.05407		50		68.24253		35.30544		35.3		98.38347		48.53578		48.51		53.06673
86		3.788122		3.78675		41.26363		12.99407		13.12809		57.79132		22.39451		22.33395		77.86024		54.12642		54		13.12809		39.7569		40		22.34594		98.06438		98.29229		56.02615		49.99015		50		62.63475		35.31302		35.3		98.49319		48.5348		48.51		53.05714
87		3.787052		3.78675		40.76236		12.97358		13.3661		57.88649		22.382		22.38232		77.90608		54.15505		54		13.3661		39.78043		40		22.40399		98.21277		98.54435		56.11823		49.98143		50		61.81351		35.30484		35.3		98.3767		48.54775		48.51		53.1868
88		3.787127		3.78675		40.78665		12.96055		13.00492		57.72374		22.40333		22.43081		77.90804		54.11133		54		13.00492		39.73242		40		22.28387		98.18626		98.67888		56.20919		50.03306		50		66.27687		35.31149		35.3		98.47415		48.53653		48.51		53.07472
89		3.786937		3.78675		40.69076		12.92263		13.31226		58.22963		22.30398		22.32711		77.86548		54.14829		54		13.31226		39.75524		40		22.34008		98.24763		98.38566		56.18735		50.00195		50		63.75101		35.30197		35.3		98.33769		48.54624		48.51		53.17201
90		3.787934		3.78675		41.20052		13.20251		13.81486		58.41922		22.42953		22.30816		77.68041		54.20887		54		13.81486		39.73013		40		22.27694		97.97079		98.44176		56.30019		50.03262		50		66.41389		35.33274		35.3		98.78224		48.54362		48.51		53.146
91		3.785186		3.78675		39.87051		13.09203		13.00665		58.1191		22.31134		22.34157		77.82529		54.11114		54		13.00665		39.81713		40		22.493		98.33755		98.86276		56.41927		50.0688		50		69.46287		35.32029		35.3		98.6053		48.54219		48.51		53.13192
92		3.785524		3.78675		40.00252		13.25823		12.74856		57.92075		22.54193		22.33928		77.58138		54.07984		54		12.74856		39.7286		40		22.27195		98.11386		98.30023		56.41204		50.01599		50		65.14287		35.3224		35.3		98.6371		48.53194		48.51		53.02959
93		3.789797		3.78675		42.19305		13.24635		13.61882		58.32796		22.23683		22.30426		77.72756		54.1848		54		13.61882		39.70284		40		22.20711		98.15266		98.5826		56.54131		50.06104		50		69.38159		35.34621		35.3		98.98209		48.55185		48.51		53.22901
94		3.784967		3.78675		39.83295		13.18579		13.24129		58.22969		22.35484		22.19966		77.45277		54.13906		54		13.24129		39.74202		40		22.30397		98.37951		98.38264		56.5544		50.03211		50		67.16631		35.31151		35.3		98.48429		48.56328		48.51		53.34351
95		3.787178		3.78675		40.87992		13.10476		12.97062		58.30034		22.3194		22.35477		77.63592		54.10622		54		12.97062		39.72216		40		22.25389		98.2262		98.27006		56.56883		49.95227		50		60.36656		35.31029		35.3		98.46719		48.53945		48.51		53.10547
96		3.789921		3.78675		42.3224		13.38172		13.43341		58.62112		22.22458		22.35159		77.62953		54.16195		54		13.43341		39.73665		40		22.28923		98.05156		99.03346		56.83424		50.07725		50		71.2392		35.33315		35.3		98.79931		48.5488		48.51		53.19922
97		3.783898		3.78675		39.34211		13.28795		13.53437		58.6211		22.2912		22.12368		77.22804		54.174		54		13.53437		39.72577		40		22.26137		98.44614		98.84625		56.83228		50.03512		50		67.66967		35.32439		35.3		98.67611		48.54531		48.51		53.16455
98		3.785747		3.78675		40.21512		13.51212		13.32981		58.61908		22.23077		22.09895		77.16703		54.14912		54		13.32981		39.66951		40		22.12047		98.15239		97.97082		56.73924		50.02119		50		66.66848		35.28989		35.3		98.17909		48.54111		48.51		53.12279
99		3.78803		3.78675		41.38789		13.44418		13.57201		58.88971		22.11688		22.20122		77.40965		54.17818		54		13.57201		39.72424		40		22.25603		98.12487		98.55534		56.89987		50.02047		50		66.77615		35.31793		35.3		98.5835		48.53888		48.51		53.10071
100		3.785654		3.78675		40.21549		13.67068		13.16237		58.97964		22.25884		22.17803		77.22642		54.12849		54		13.16237		39.73465		40		22.28119		98.13622		98.55888		56.97312		49.94953		50		60.45282		35.31798		35.3		98.58556		48.55242		48.51		53.23632
101		3.788157		3.78675		41.44892		13.47862		13.94525		59.10011		22.22409		22.13702		77.18826		54.22289		54		13.94525		39.67054		40		22.12076		98.14059		98.54628		57.04137		50.0015		50		64.95622		35.32301		35.3		98.65927		48.53214		48.51		53.03374
102		3.786665		3.78675		40.74688		13.55448		13.60633		58.91285		22.13787		22.13535		77.18463		54.18179		54		13.60633		39.6369		40		22.03612		98.26985		98.52923		57.10469		49.99432		50		64.52753		35.31848		35.3		98.59628		48.55225		48.51		53.23506
103		3.786938		3.78675		40.87106		13.52527		13.53115		59.0035		22.06955		22.04348		77.1515		54.17252		54		13.53115		39.62303		40		22.00075		98.2773		98.31989		57.14825		49.99257		50		64.59365		35.30608		35.3		98.41993		48.52596		48.51		52.97232
104		3.791346		3.78675		43.08247		13.71521		13.38095		59.26307		22.08951		22.05558		77.13347		54.15415		54		13.38095		39.63146		40		22.02091		98.03754		98.96357		57.39102		50.03524		50		68.12407		35.3412		35.3		98.92832		48.54505		48.51		53.16351
105		3.787752		3.78675		41.36837		13.8335		13.8912		59.51512		22.09963		22.03436		77.078		54.21556		54		13.8912		39.64656		40		22.05764		98.25163		99.07357		57.52295		49.99606		50		64.85289		35.31953		35.3		98.61989		48.54735		48.51		53.18679
106		3.784041		3.78675		39.48022		13.71231		13.38599		59.56818		22.11063		22.14761		77.16178		54.15432		54		13.38599		39.67212		40		22.12046		98.31292		98.36958		57.44776		50.01457		50		66.34962		35.31421		35.3		98.54506		48.55381		48.51		53.2517
107		3.788132		3.78675		41.50225		13.86017		14.89776		60.3744		22.17945		22.07147		76.94877		54.33665		54		14.89776		39.67753		40		22.13306		98.12296		98.50807		57.55248		50.00168		50		65.40809		35.30857		35.3		98.4647		48.56365		48.51		53.35032
108		3.788207		3.78675		41.58093		14.09935		13.98557		59.97669		22.09666		22.05302		76.92673		54.22626		54		13.98557		39.64874		40		22.06047		97.96996		98.79318		57.74933		49.96266		50		62.07854		35.30483		35.3		98.41302		48.55309		48.51		53.24504
109		3.784669		3.78675		39.80745		13.99624		14.41254		60.34344		22.09066		22.07966		76.92855		54.27757		54		14.41254		39.59889		40		21.93543		98.25268		98.33799		57.72341		49.98948		50		64.37904		35.31627		35.3		98.58013		48.5408		48.51		53.12243
110		3.788325		3.78675		41.61147		14.27453		14.46105		60.39705		22.00665		21.91071		76.80493		54.28317		54		14.46105		39.58256		40		21.89381		98.00723		98.4812		57.88053		49.97952		50		63.43015		35.3114		35.3		98.51167		48.52993		48.51		53.01404
111		3.787563		3.78675		41.26467		14.14186		13.94638		60.1601		21.951		22.05215		76.98379		54.22077		54		13.94638		39.5993		40		21.93454		98.13469		98.70888		58.01047		50.00116		50		65.34277		35.32631		35.3		98.72846		48.55702		48.51		53.28517
112		3.787191		3.78675		41.10447		14.16734		14.71303		60.72018		22.00561		21.96443		76.78438		54.31307		54		14.71303		39.57397		40		21.87043		98.20538		98.87947		58.14657		50.03957		50		68.91127		35.33195		35.3		98.81285		48.57379		48.51		53.45315
113		3.786832		3.78675		40.95409		14.33438		13.67238		60.32221		21.89513		21.93277		76.84395		54.18713		54		13.67238		39.61773		40		21.97844		98.19766		98.72955		58.22307		50.00162		50		65.98916		35.3214		35.3		98.66318		48.55475		48.51		53.2631
114		3.786092		3.78675		40.58717		14.12492		14.75361		60.55859		22.05378		21.91031		76.63052		54.31749		54		14.75361		39.5495		40		21.80751		98.35957		98.64831		58.27557		50.00457		50		66.22514		35.31842		35.3		98.62293		48.54934		48.51		53.20936
115		3.784984		3.78675		40.00853		14.10939		14.19646		60.42627		21.90003		21.79895		76.5706		54.24995		54		14.19646		39.60709		40		21.94989		98.39505		98.71079		58.33368		49.9891		50		64.84977		35.3123		35.3		98.53643		48.54645		48.51		53.18077
116		3.7869		3.78675		40.96226		14.22063		14.10048		60.47969		22.02341		21.87694		76.52711		54.2381		54		14.10048		39.53942		40		21.78033		98.32018		98.904		58.4321		49.94134		50		60.52073		35.32775		35.3		98.76058		48.5643		48.51		53.3596
117		3.784861		3.78675		39.93889		14.30228		14.51299		60.65351		21.81689		21.86995		76.66748		54.28766		54		14.51299		39.63724		40		22.02288		98.30304		98.6217		58.47071		49.99271		50		64.84845		35.33688		35.3		98.89476		48.53698		48.51		53.08654
118		3.78697		3.78675		40.97446		14.26184		14.68349		60.77194		22.00802		21.87883		76.43532		54.30798		54		14.68349		39.59185		40		21.90879		98.31123		98.68116		58.53726		50.005		50		65.87622		35.3093		35.3		98.49853		48.56024		48.51		53.31945
119		3.78853		3.78675		41.80817		14.25088		14.92362		61.01865		21.78263		21.78097		76.52474		54.33671		54		14.92362		39.5939		40		21.91285		98.25717		98.73083		58.65719		49.98123		50		63.8509		35.34932		35.3		99.07866		48.57183		48.51		53.43573
120		3.784324		3.78675		39.6945		14.3481		14.30116		60.90084		21.93828		21.72379		76.29265		54.26125		54		14.30116		39.55584		40		21.81696		98.45668		98.47473		58.65339		49.98107		54		0		35.3158		35.3		98.59809		48.55187		48.51		53.23648
121		3.787622		3.78675		41.30164		14.43321		14.44491		61.261		21.83104		21.68246		76.28113		54.27829		54		14.44491		39.5892		40		21.89894		98.10436		98.86906		58.85996		50.03564		54		0		35.32685		35.3		98.75931		48.5608		48.51		53.32611
122		3.78822		3.78675		41.68565		14.55419		14.63301		61.40345		21.93091		21.69377		76.1032		54.30071		54		14.63301		39.56705		40		21.84262		98.26953		98.96709		58.97558		50.21057		54		0		35.33439		35.3		98.87118		48.56422		48.51		53.36064
123		3.784088		3.78675		39.59204		14.58494		13.85994		61.05758		21.71226		21.83887		76.4503		54.20706		54		13.85994		39.58094		40		21.87611		98.37333		98.62575		58.98973		50.44971		54		0		35.30942		35.3		98.51414		48.57022		48.51		53.42096
124		3.788912		3.78675		41.95427		14.67331		13.87717		60.93972		21.86783		21.60589		75.99538		54.20886		54		13.87717		39.55041		40		21.79888		98.03129		98.81372		59.13838		50.72143		54		1.575587		35.33113		35.3		98.82809		48.5803		48.51		53.52207
125		3.787229		3.78675		41.22717		14.54339		14.38571		61.1539		21.74303		21.69283		76.14834		54.26998		54		14.38571		39.53686		40		21.76397		98.45738		99.00444		59.24203		50.97939		54		7.47224		35.36103		35.3		99.26315		48.56758		48.51		53.39525
126		3.783058		3.78675		39.09245		14.50049		14.45861		61.24935		21.76937		21.67198		76.07126		54.27849		54		14.45861		39.48254		40		21.62749		98.66636		98.46861		59.18652		51.22826		54		4.213797		35.31026		35.3		98.53513		48.5713		48.51		53.43281
127		3.785293		3.78675		40.15579		14.74936		14.46223		61.25137		21.68157		21.69763		76.18809		54.27862		54		14.46223		39.53023		40		21.74505		98.09504		98.53747		59.30823		51.5374		54		10.77693		35.31186		35.3		98.55855		48.55825		48.51		53.30264
128		3.78869		3.78675		41.91781		14.52507		15.35108		61.63231		21.82211		21.68377		76.01134		54.38567		54		15.35108		39.47321		40		21.60183		98.43564		98.64708		59.34158		51.74013		54		8.040219		35.35226		35.3		99.14267		48.54948		48.51		53.21521
129		3.783693		3.78675		39.4269		14.75254		14.62321		61.51777		21.67908		21.75037		76.18282		54.29743		54		14.62321		39.5606		40		21.81824		98.46817		98.4687		59.3968		51.87875		54		1.291576		35.30864		35.3		98.51749		48.55245		48.51		53.24527
130		3.788432		3.78675		41.73196		14.60019		14.95458		61.71984		21.82269		21.73905		76.02139		54.33714		54		14.95458		39.50277		40		21.67297		98.28791		98.79792		59.55021		52.06119		54		3.38844		35.32154		35.3		98.70536		48.56137		48.51		53.33477
131		3.790311		3.78675		42.77103		14.91479		15.06159		61.74843		21.58208		21.72904		76.23089		54.34974		54		15.06159		39.4464		40		21.53139		98.27212		98.96172		59.69468		52.13602		54		0		35.3329		35.3		98.87232		48.55573		48.51		53.27878
132		3.785923		3.78675		40.55333		14.86924		14.70092		61.60835		21.68318		21.68591		76.067		54.30586		54		14.70092		39.46587		40		21.57857		98.3193		98.7655		59.7678		52.30329		54		0		35.33466		35.3		98.90118		48.55891		48.51		53.31088
133		3.784248		3.78675		39.68845		14.76921		14.4261		61.41321		21.62794		21.75595		76.21701		54.27237		54		14.4261		39.51276		40		21.69411		98.51922		98.76778		59.82449		52.39433		54		0		35.32992		35.3		98.83629		48.55435		48.51		53.26566
134		3.78823		3.78675		41.66791		14.65909		15.12121		61.84232		21.64592		21.78679		76.24842		54.35599		54		15.12121		39.4335		40		21.49549		98.48973		98.69677		59.85912		52.56522		54		5.456708		35.33879		35.3		98.96616		48.55763		48.51		53.29879
135		3.784996		3.78675		40.08848		14.82481		14.39659		61.68994		21.56802		21.63197		76.19673		54.26814		54		14.39659		39.51059		40		21.68624		98.54669		98.81577		59.96327		52.73625		54		8.492285		35.33313		35.3		98.88834		48.55202		48.51		53.24293
136		3.783885		3.78675		39.46134		14.71445		14.16554		61.5754		21.78807		21.61491		76.01955		54.23993		54		14.16554		39.53885		40		21.75541		98.61742		98.685		59.96105		52.81634		54		4.804342		35.32445		35.3		98.76547		48.54173		48.51		53.14036
137		3.786929		3.78675		40.9671		14.62619		14.76106		61.79865		21.71198		21.59866		76.03523		54.31156		54		14.76106		39.48198		40		21.61257		98.51604		98.79195		60.02679		52.93153		54		5.083429		35.31406		35.3		98.6176		48.56596		48.51		53.383
138		3.784722		3.78675		39.8806		14.70376		14.9678		62.06799		21.64321		21.6839		76.13845		54.3362		54		14.9678		39.4859		40		21.62106		98.63332		98.68493		60.04331		53.06041		54		7.775674		35.33736		35.3		98.95661		48.55683		48.51		53.29198
139		3.78535		3.78675		40.1301		14.97993		14.8167		62.03824		21.63622		21.69005		76.17453		54.31761		54		14.8167		39.54495		40		21.7669		98.4184		98.62599		60.10206		53.20146		54		12.48542		35.3273		35.3		98.81359		48.56995		48.51		53.42346
140		3.790703		3.78675		42.82683		14.90348		15.22336		62.34935		21.7581		21.7695		76.17406		54.36638		54		15.22336		39.45455		40		21.54058		98.37898		98.97175		60.25883		53.31376		54		15.78809		35.3468		35.3		99.09759		48.54728		48.51		53.197
141		3.782749		3.78675		38.86523		15.05825		15.52325		62.44705		21.57963		21.49894		76.06108		54.40225		54		15.52325		39.54546		40		21.76575		98.54723		98.86516		60.31069		53.40349		54		18.0766		35.3258		35.3		98.79847		48.558		48.51		53.30449
142		3.78187		3.78675		38.32497		14.94347		15.3658		62.33749		21.76869		21.52034		75.91283		54.38291		54		15.3658		39.51498		40		21.68862		98.4821		98.4545		60.2595		53.56241		54		27.42503		35.30816		35.3		98.5452		48.5541		48.51		53.26575
143		3.790942		3.78675		42.87904		14.84682		14.86005		62.24075		21.63287		21.79984		76.34953		54.3215		54		14.86005		39.51201		40		21.68003		98.36535		98.95629		60.4211		53.65437		54		32.09805		35.33361		35.3		98.91394		48.54739		48.51		53.19899
144		3.786103		3.78675		40.51485		14.94804		14.76395		62.07665		21.66837		21.77734		76.33385		54.30958		54		14.76395		39.51179		40		21.67829		98.70092		98.98416		60.4565		53.74582		54		37.54887		35.34207		35.3		99.03962		48.54161		48.51		53.14139
145		3.78404		3.78675		39.38984		14.79287		15.00496		62.18056		21.62291		21.67422		76.29126		54.33837		54		15.00496		39.56641		40		21.81312		98.67858		98.63865		60.42508		53.83612		54		43.46415		35.31088		35.3		98.59255		48.56562		48.51		53.3818
146		3.7889		3.78675		41.84191		15.03907		14.34082		61.83799		21.8035		21.83603		76.29013		54.25784		54		14.34082		39.53024		40		21.72189		98.34156		98.72559		60.54048		53.86421		54		44.81837		35.33091		35.3		98.88322		48.54828		48.51		53.2086
147		3.784351		3.78675		39.58728		14.94585		14.99046		61.87637		21.71422		21.66501		76.16525		54.33599		54		14.99046		39.52073		40		21.69702		98.63293		98.62609		60.54457		53.95216		54		51.58704		35.33097		35.3		98.88695		48.56056		48.51		53.33177
148		3.788962		3.78675		41.83161		14.6588		14.9784		62.12456		21.70671		21.79835		76.41685		54.33419		54		14.9784		39.54389		40		21.75361		98.70037		98.76142		60.55381		53.94023		54		50.1827		35.3308		35.3		98.88615		48.54485		48.51		53.17486
149		3.787604		3.78675		41.21053		14.86208		15.15487		62.01688		21.73931		21.74405		76.40553		54.35522		54		15.15487		39.48541		40		21.60685		98.60522		98.98887		60.66185		54.02578		54		57.72464		35.35542		35.3		99.24448		48.55211		48.51		53.24779
150		3.782527		3.78675		38.64368		14.96744		13.79574		61.27008		21.69086		21.88025		76.60987		54.19077		54		13.79574		39.56891		40		21.81366		98.76876		98.60528		60.60437		54.04021		54		59.18		35.33227		35.3		98.91379		48.54868		48.51		53.21367
151		3.786699		3.78675		40.6794		14.61429		15.02751		61.74286		21.82859		21.85635		76.48041		54.33924		54		15.02751		39.56586		40		21.80492		98.84347		98.73367		60.60338		54.05068		54		60.2661		35.32693		35.3		98.83837		48.55371		48.51		53.26429
152		3.79018		3.78675		42.47684		14.6093		13.8665		61.06064		21.72271		21.77949		76.50604		54.19877		54		13.8665		39.58618		40		21.85444		98.79679		99.07627		60.70188		54.05396		54		61.04258		35.33143		35.3		98.90654		48.54831		48.51		53.21055
153		3.784887		3.78675		39.8188		14.51224		15.01739		61.64784		21.80761		21.74094		76.44356		54.33746		54		15.01739		39.62196		40		21.94249		99.01574		98.86746		60.62045		54.03942		54		60.24264		35.32796		35.3		98.85943		48.56006		48.51		53.3283
154		3.783473		3.78675		39.06406		14.77441		15.13261		61.51877		21.9		21.87644		76.48678		54.3511		54		15.13261		39.60216		40		21.89213		98.68172		98.90047		60.66506		54.04871		54		61.55624		35.31326		35.3		98.64951		48.54659		48.51		53.1938
155		3.788376		3.78675		41.54135		14.49333		14.87807		61.39778		21.77267		21.83887		76.61916		54.32008		54		14.87807		39.60365		40		21.89482		98.91109		98.91025		60.62977		54.09587		54		65.93854		35.32535		35.3		98.82608		48.54237		48.51		53.15178
156		3.784781		3.78675		39.74155		14.59398		14.79425		61.5674		21.8761		21.78648		76.5485		54.30965		54		14.79425		39.57103		40		21.8126		98.89967		98.78171		60.59152		54.08481		54		65.4847		35.32288		35.3		98.79285		48.55888		48.51		53.3171
157		3.783536		3.78675		39.06714		14.75905		14.70872		61.58244		21.82171		21.79137		76.62788		54.29902		54		14.70872		39.55639		40		21.77512		98.75809		98.65733		60.57305		54.07225		54		65.07059		35.30527		35.3		98.54065		48.5362		48.51		53.09056
158		3.787885		3.78675		41.19493		14.68542		14.64674		61.45156		21.76876		21.8427		76.75638		54.29125		54		14.64674		39.56107		40		21.78572		98.7056		98.65223		60.55853		54.1227		54		69.87128		35.31075		35.3		98.62052		48.53705		48.51		53.09939
159		3.786473		3.78675		40.50427		14.5038		14.39643		61.14346		21.8661		21.91758		76.82002		54.26077		54		14.39643		39.58581		40		21.84635		98.86616		98.88551		60.57785		54.01554		54		61.0936		35.32435		35.3		98.81894		48.54992		48.51		53.22833
160		3.78497		3.78675		39.71247		14.62337		14.35212		61.07335		21.87938		21.83111		76.74748		54.25514		54		14.35212		39.62635		40		21.94631		98.89386		98.7247		60.51314		54.05618		54		64.74545		35.31099		35.3		98.62813		48.53386		48.51		53.06791
161		3.786529		3.78675		40.44718		14.48688		13.92973		60.82499		21.91777		21.79073		76.65401		54.20387		54		13.92973		39.5641		40		21.79027		98.85715		98.8957		60.51184		54.01003		54		61.06672		35.3105		35.3		98.62241		48.52886		48.51		53.01817
162		3.786746		3.78675		40.56344		14.23644		14.10726		60.73479		21.79083		21.85326		76.82892		54.22508		54		14.10726		39.55288		40		21.7613		99.08074		98.71352		60.42312		54.00299		54		60.78539		35.32286		35.3		98.8031		48.54191		48.51		53.14878
163		3.786223		3.78675		40.2792		14.21914		13.93047		60.63408		21.84052		21.91056		76.83599		54.2035		54		13.93047		39.58714		40		21.84557		99.12298		98.79102		60.37256		53.97676		54		58.58155		35.31614		35.3		98.70837		48.53281		48.51		53.05792
164		3.786607		3.78675		40.42495		14.14952		14.57184		60.89377		21.85669		21.77012		76.67408		54.28073		54		14.57184		39.60074		40		21.8784		99.12986		98.93017		60.32861		54.00544		54		60.95943		35.31234		35.3		98.65555		48.53893		48.51		53.1194
165		3.78549		3.78675		39.86711		14.32785		13.58805		60.30366		21.83192		21.75021		76.61154		54.1617		54		13.58805		39.60511		40		21.88822		99.00515		98.58395		60.23446		54.05919		54		65.78086		35.31711		35.3		98.72649		48.53752		48.51		53.10544
166		3.785515		3.78675		39.84256		14.10772		14.43234		60.71217		21.82213		21.8552		76.76038		54.26343		54		14.43234		39.57573		40		21.81404		99.1721		98.70636		60.16542		54.02882		54		63.45843		35.32058		35.3		98.77818		48.54659		48.51		53.19634
167		3.787367		3.78675		40.74299		14.08099		13.87882		60.445		21.86268		21.78268		76.67442		54.19637		54		13.87882		39.6354		40		21.96164		99.09129		98.77961		60.12265		54.02406		54		63.19882		35.32157		35.3		98.79422		48.53011		48.51		53.03178
168		3.787269		3.78675		40.69466		14.08191		14.34072		60.52046		21.91342		21.91495		76.78069		54.25195		54		14.34072		39.49348		40		21.60723		99.0882		98.98031		60.11948		53.94703		54		56.65046		35.32717		35.3		98.87754		48.51494		48.51		52.88026
169		3.784095		3.78675		39.07876		14.15892		13.85259		60.5016		21.68989		21.95808		77.05354		54.19275		54		13.85259		39.59937		40		21.86991		99.0738		98.94823		60.06294		53.95533		54		57.13276		35.3213		35.3		98.79506		48.53		48.51		53.031
170		3.78811		3.78675		41.06289		14.30678		13.61143		60.41353		22.0187		21.8911		76.73081		54.16338		54		13.61143		39.61241		40		21.9014		98.8145		98.98882		60.10143		54.00302		54		61.18243		35.32534		35.3		98.85597		48.5492		48.51		53.22324
171		3.786739		3.78675		40.41774		14.10292		13.97164		60.29123		21.80934		21.93845		76.98263		54.20669		54		13.97164		39.61007		40		21.89461		99.14605		98.96571		60.04252		53.98462		54		59.55629		35.33459		35.3		98.99247		48.54769		48.51		53.20832
172		3.785822		3.78675		39.88639		14.00399		14.07736		60.30158		21.94272		21.82133		76.74341		54.21925		54		14.07736		39.65178		40		21.99754		99.18967		98.89771		59.95245		53.99474		54		60.56686		35.30324		35.3		98.54231		48.53035		48.51		53.03512
173		3.789054		3.78675		41.51929		13.95753		13.52592		59.97422		21.85113		21.81619		76.81846		54.15247		54		13.52592		39.63887		40		21.96443		98.94529		98.82764		59.92703		53.9746		54		58.62814		35.33474		35.3		98.99814		48.5391		48.51		53.12282
174		3.782287		3.78675		38.16081		13.85398		13.50066		59.75245		21.92571		21.93383		76.88541		54.14925		54		13.50066		39.65077		40		21.99315		99.32773		98.66899		59.80734		54.0291		54		63.19781		35.34106		35.3		99.09269		48.54681		48.51		53.20016
175		3.786864		3.78675		40.36777		13.6992		14.1094		60.1512		21.8995		21.86734		76.81159		54.22257		54		14.1094		39.66381		40		22.02464		99.23211		98.61308		59.70328		54.00008		54		60.64934		35.32396		35.3		98.84754		48.53734		48.51		53.1057
176		3.79164		3.78675		42.81179		14.06932		13.41702		59.6569		21.91509		21.97562		76.92039		54.13877		54		13.41702		39.61536		40		21.90305		98.84865		98.91373		59.78162		54.01537		54		62.22809		35.32529		35.3		98.86875		48.54983		48.51		53.23084
177		3.786731		3.78675		40.39446		13.82073		13.56669		59.48513		21.82199		21.99727		77.07336		54.15668		54		13.56669		39.61625		40		21.90437		99.23039		98.91269		59.71331		54.01595		54		62.28018		35.29886		35.3		98.49135		48.54704		48.51		53.20318
178		3.784107		3.78675		39.0196		13.74462		13.47089		59.38243		21.94295		21.96182		76.93095		54.14495		54		13.47089		39.66165		40		22.01648		99.17309		98.58664		59.55299		54.03145		54		63.84154		35.30746		35.3		98.61615		48.54826		48.51		53.21564
179		3.789278		3.78675		41.55984		13.67319		13.45161		59.24815		21.9332		21.90642		76.87514		54.14247		54		13.45161		39.67216		40		22.04173		99.10265		98.6896		59.46617		53.99589		54		60.83215		35.32276		35.3		98.83691		48.53828		48.51		53.11598
180		3.787475		3.78675		40.71387		13.72825		13.32848		59.19123		21.90618		21.8848		76.82528		54.12742		54		13.32848		39.61451		40		21.89719		99.08503		99.15782		59.51652		54.04479		54		65.26427		35.32381		35.3		98.85445		48.53758		48.51		53.10927
181		3.782323		3.78675		38.07211		13.60486		13.17434		58.88664		21.84878		21.96465		77.00826		54.10867		54		13.17434		39.59053		40		21.83656		99.2415		98.91026		59.40237		54.00259		54		61.81601		35.3141		35.3		98.71746		48.54398		48.51		53.17338
182		3.788282		3.78675		41.00825		13.51238		13.45767		58.6751		21.91919		21.96043		76.96459		54.14278		54		13.45767		39.63577		40		21.94829		99.16922		98.75399		59.26622		53.94801		54		57.14954		35.33002		35.3		98.94751		48.52566		48.51		52.99035
183		3.785642		3.78675		39.71979		13.33883		13.24214		58.52991		21.92602		21.9824		77.02714		54.11663		54		13.24214		39.57592		40		21.79833		99.3726		98.83872		59.19376		53.96341		54		58.24944		35.32679		35.3		98.90392		48.54481		48.51		53.18211
184		3.784646		3.78675		39.17304		13.32856		13.40925		58.55304		21.87486		21.97051		77.06525		54.13669		54		13.40925		39.58293		40		21.81483		99.37776		98.39545		58.99035		53.95595		54		57.35503		35.30263		35.3		98.55726		48.54275		48.51		53.16173
185		3.787512		3.78675		40.56607		13.20043		12.96659		58.57522		21.88996		21.86819		76.97841		54.08309		54		12.96659		39.66896		40		22.02816		99.22743		98.7303		58.92717		53.99937		54		61.24577		35.32828		35.3		98.92707		48.53971		48.51		53.13147
186		3.786017		3.78675		39.83828		13.3489		13.16558		58.527		22.04395		21.98935		77.00122		54.10702		54		13.16558		39.65265		40		21.98669		99.29956		98.99583		58.86951		53.98389		54		59.83462		35.33119		35.3		98.97067		48.52987		48.51		53.03322
187		3.784853		3.78675		39.2375		13.15433		13.0355		58.37975		21.93391		21.9543		77.03888		54.09121		54		13.0355		39.60115		40		21.85754		99.36136		98.69945		58.7032		54.01393		54		62.20859		35.30247		35.3		98.55805		48.5472		48.51		53.20676
188		3.78536		3.78675		39.4513		13.12292		12.53228		57.98327		21.91798		22.00557		77.09472		54.03036		54		12.53228		39.61766		40		21.89773		99.16528		98.59812		58.59816		54.02323		54		63.10097		35.31863		35.3		98.79175		48.52694		48.51		53.00431
189		3.787085		3.78675		40.35396		12.9879		12.7724		57.96536		21.96051		21.93583		76.98898		54.05929		54		12.7724		39.707		40		22.11933		99.29725		99.0313		58.58093		54.02329		54		63.05224		35.34135		35.3		99.12154		48.54748		48.51		53.20992
190		3.782809		3.78675		38.21098		12.97792		12.66061		57.79832		22.06425		21.83063		76.75492		54.04573		54		12.66061		39.62192		40		21.90655		99.47829		98.92069		58.46076		53.97508		54		58.88932		35.31791		35.3		98.78691		48.53182		48.51		53.05352
191		3.787043		3.78675		40.26329		13.04898		13.61474		58.38081		21.88526		21.9643		77.06693		54.16083		54		13.61474		39.61164		40		21.88006		99.15575		98.84678		58.38637		53.99356		54		60.45719		35.30368		35.3		98.58288		48.54192		48.51		53.1547
192		3.785768		3.78675		39.63169		13.20055		12.46903		57.86449		22.00593		22.07923		77.17027		54.02237		54		12.46903		39.66753		40		22.01844		99.06472		98.81347		58.30848		53.98225		54		59.66247		35.32326		35.3		98.86607		48.54934		48.51		53.22917
193		3.785099		3.78675		39.28263		13.0562		12.68046		57.77858		22.06792		22.13028		77.1636		54.04784		54		12.68046		39.65993		40		21.99867		99.11025		98.78843		58.22649		53.97738		54		59.33783		35.30094		35.3		98.54581		48.54693		48.51		53.2053
194		3.786914		3.78675		40.19729		12.90295		12.39508		57.55633		21.97626		22.07899		77.18846		54.01331		54		12.39508		39.61894		40		21.89573		99.122		98.97471		58.21556		54.00679		54		61.82825		35.31336		35.3		98.72723		48.54673		48.51		53.20347
